# distance_mm  energy_MeV   alpha in He:CO2 90/10, 150 torr, E0=11.40 MeV
0.0 11.40000
0.5 11.39847
1.0 11.39695
1.5 11.39542
2.0 11.39389
2.5 11.39236
3.0 11.39084
3.5 11.38931
4.0 11.38778
4.5 11.38625
5.0 11.38472
5.5 11.38319
6.0 11.38167
6.5 11.38014
7.0 11.37861
7.5 11.37708
8.0 11.37555
8.5 11.37402
9.0 11.37249
9.5 11.37096
10.0 11.36943
10.5 11.36790
11.0 11.36637
11.5 11.36484
12.0 11.36331
12.5 11.36178
13.0 11.36025
13.5 11.35871
14.0 11.35718
14.5 11.35565
15.0 11.35412
15.5 11.35259
16.0 11.35106
16.5 11.34952
17.0 11.34799
17.5 11.34646
18.0 11.34493
18.5 11.34339
19.0 11.34186
19.5 11.34033
20.0 11.33879
20.5 11.33726
21.0 11.33573
21.5 11.33419
22.0 11.33266
22.5 11.33112
23.0 11.32959
23.5 11.32806
24.0 11.32652
24.5 11.32499
25.0 11.32345
25.5 11.32192
26.0 11.32038
26.5 11.31885
27.0 11.31731
27.5 11.31577
28.0 11.31424
28.5 11.31270
29.0 11.31117
29.5 11.30963
30.0 11.30809
30.5 11.30656
31.0 11.30502
31.5 11.30348
32.0 11.30194
32.5 11.30041
33.0 11.29887
33.5 11.29733
34.0 11.29579
34.5 11.29426
35.0 11.29272
35.5 11.29118
36.0 11.28964
36.5 11.28810
37.0 11.28656
37.5 11.28502
38.0 11.28349
38.5 11.28195
39.0 11.28041
39.5 11.27887
40.0 11.27733
40.5 11.27579
41.0 11.27425
41.5 11.27271
42.0 11.27117
42.5 11.26963
43.0 11.26808
43.5 11.26654
44.0 11.26500
44.5 11.26346
45.0 11.26192
45.5 11.26038
46.0 11.25884
46.5 11.25729
47.0 11.25575
47.5 11.25421
48.0 11.25267
48.5 11.25112
49.0 11.24958
49.5 11.24804
50.0 11.24650
50.5 11.24495
51.0 11.24341
51.5 11.24186
52.0 11.24032
52.5 11.23878
53.0 11.23723
53.5 11.23569
54.0 11.23414
54.5 11.23260
55.0 11.23105
55.5 11.22951
56.0 11.22796
56.5 11.22642
57.0 11.22487
57.5 11.22333
58.0 11.22178
58.5 11.22024
59.0 11.21869
59.5 11.21714
60.0 11.21560
60.5 11.21405
61.0 11.21250
61.5 11.21096
62.0 11.20941
62.5 11.20786
63.0 11.20631
63.5 11.20477
64.0 11.20322
64.5 11.20167
65.0 11.20012
65.5 11.19857
66.0 11.19703
66.5 11.19548
67.0 11.19393
67.5 11.19238
68.0 11.19083
68.5 11.18928
69.0 11.18773
69.5 11.18618
70.0 11.18463
70.5 11.18308
71.0 11.18153
71.5 11.17998
72.0 11.17843
72.5 11.17688
73.0 11.17533
73.5 11.17378
74.0 11.17223
74.5 11.17068
75.0 11.16912
75.5 11.16757
76.0 11.16602
76.5 11.16447
77.0 11.16292
77.5 11.16136
78.0 11.15981
78.5 11.15826
79.0 11.15671
79.5 11.15515
80.0 11.15360
80.5 11.15205
81.0 11.15049
81.5 11.14894
82.0 11.14739
82.5 11.14583
83.0 11.14428
83.5 11.14272
84.0 11.14117
84.5 11.13961
85.0 11.13806
85.5 11.13650
86.0 11.13495
86.5 11.13339
87.0 11.13184
87.5 11.13028
88.0 11.12873
88.5 11.12717
89.0 11.12561
89.5 11.12406
90.0 11.12250
90.5 11.12094
91.0 11.11939
91.5 11.11783
92.0 11.11627
92.5 11.11472
93.0 11.11316
93.5 11.11160
94.0 11.11004
94.5 11.10848
95.0 11.10693
95.5 11.10537
96.0 11.10381
96.5 11.10225
97.0 11.10069
97.5 11.09913
98.0 11.09757
98.5 11.09601
99.0 11.09445
99.5 11.09289
100.0 11.09133
100.5 11.08977
101.0 11.08821
101.5 11.08665
102.0 11.08509
102.5 11.08353
103.0 11.08197
103.5 11.08041
104.0 11.07885
104.5 11.07728
105.0 11.07572
105.5 11.07416
106.0 11.07260
106.5 11.07104
107.0 11.06947
107.5 11.06791
108.0 11.06635
108.5 11.06479
109.0 11.06322
109.5 11.06166
110.0 11.06010
110.5 11.05853
111.0 11.05697
111.5 11.05540
112.0 11.05384
112.5 11.05228
113.0 11.05071
113.5 11.04915
114.0 11.04758
114.5 11.04602
115.0 11.04445
115.5 11.04289
116.0 11.04132
116.5 11.03976
117.0 11.03819
117.5 11.03662
118.0 11.03506
118.5 11.03349
119.0 11.03192
119.5 11.03036
120.0 11.02879
120.5 11.02722
121.0 11.02566
121.5 11.02409
122.0 11.02252
122.5 11.02095
123.0 11.01939
123.5 11.01782
124.0 11.01625
124.5 11.01468
125.0 11.01311
125.5 11.01154
126.0 11.00997
126.5 11.00840
127.0 11.00684
127.5 11.00527
128.0 11.00370
128.5 11.00213
129.0 11.00056
129.5 10.99899
130.0 10.99742
130.5 10.99584
131.0 10.99427
131.5 10.99270
132.0 10.99113
132.5 10.98956
133.0 10.98799
133.5 10.98642
134.0 10.98485
134.5 10.98327
135.0 10.98170
135.5 10.98013
136.0 10.97856
136.5 10.97698
137.0 10.97541
137.5 10.97384
138.0 10.97226
138.5 10.97069
139.0 10.96912
139.5 10.96754
140.0 10.96597
140.5 10.96440
141.0 10.96282
141.5 10.96125
142.0 10.95967
142.5 10.95810
143.0 10.95652
143.5 10.95495
144.0 10.95337
144.5 10.95180
145.0 10.95022
145.5 10.94864
146.0 10.94707
146.5 10.94549
147.0 10.94392
147.5 10.94234
148.0 10.94076
148.5 10.93919
149.0 10.93761
149.5 10.93603
150.0 10.93445
150.5 10.93288
151.0 10.93130
151.5 10.92972
152.0 10.92814
152.5 10.92656
153.0 10.92499
153.5 10.92341
154.0 10.92183
154.5 10.92025
155.0 10.91867
155.5 10.91709
156.0 10.91551
156.5 10.91393
157.0 10.91235
157.5 10.91077
158.0 10.90919
158.5 10.90761
159.0 10.90603
159.5 10.90445
160.0 10.90287
160.5 10.90129
161.0 10.89970
161.5 10.89812
162.0 10.89654
162.5 10.89496
163.0 10.89338
163.5 10.89179
164.0 10.89021
164.5 10.88863
165.0 10.88705
165.5 10.88546
166.0 10.88388
166.5 10.88230
167.0 10.88071
167.5 10.87913
168.0 10.87755
168.5 10.87596
169.0 10.87438
169.5 10.87279
170.0 10.87121
170.5 10.86962
171.0 10.86804
171.5 10.86645
172.0 10.86487
172.5 10.86328
173.0 10.86170
173.5 10.86011
174.0 10.85852
174.5 10.85694
175.0 10.85535
175.5 10.85376
176.0 10.85218
176.5 10.85059
177.0 10.84900
177.5 10.84742
178.0 10.84583
178.5 10.84424
179.0 10.84265
179.5 10.84107
180.0 10.83948
180.5 10.83789
181.0 10.83630
181.5 10.83471
182.0 10.83312
182.5 10.83153
183.0 10.82994
183.5 10.82835
184.0 10.82676
184.5 10.82517
185.0 10.82358
185.5 10.82199
186.0 10.82040
186.5 10.81881
187.0 10.81722
187.5 10.81563
188.0 10.81404
188.5 10.81245
189.0 10.81086
189.5 10.80926
190.0 10.80767
190.5 10.80608
191.0 10.80449
191.5 10.80290
192.0 10.80130
192.5 10.79971
193.0 10.79812
193.5 10.79652
194.0 10.79493
194.5 10.79334
195.0 10.79174
195.5 10.79015
196.0 10.78856
196.5 10.78696
197.0 10.78537
197.5 10.78377
198.0 10.78218
198.5 10.78058
199.0 10.77899
199.5 10.77739
200.0 10.77580
200.5 10.77420
201.0 10.77260
201.5 10.77101
202.0 10.76941
202.5 10.76782
203.0 10.76622
203.5 10.76462
204.0 10.76302
204.5 10.76143
205.0 10.75983
205.5 10.75823
206.0 10.75663
206.5 10.75504
207.0 10.75344
207.5 10.75184
208.0 10.75024
208.5 10.74864
209.0 10.74704
209.5 10.74544
210.0 10.74385
210.5 10.74225
211.0 10.74065
211.5 10.73905
212.0 10.73745
212.5 10.73585
213.0 10.73425
213.5 10.73265
214.0 10.73104
214.5 10.72944
215.0 10.72784
215.5 10.72624
216.0 10.72464
216.5 10.72304
217.0 10.72144
217.5 10.71983
218.0 10.71823
218.5 10.71663
219.0 10.71503
219.5 10.71342
220.0 10.71182
220.5 10.71022
221.0 10.70861
221.5 10.70701
222.0 10.70541
222.5 10.70380
223.0 10.70220
223.5 10.70059
224.0 10.69899
224.5 10.69738
225.0 10.69578
225.5 10.69417
226.0 10.69257
226.5 10.69096
227.0 10.68936
227.5 10.68775
228.0 10.68615
228.5 10.68454
229.0 10.68293
229.5 10.68133
230.0 10.67972
230.5 10.67811
231.0 10.67651
231.5 10.67490
232.0 10.67329
232.5 10.67168
233.0 10.67008
233.5 10.66847
234.0 10.66686
234.5 10.66525
235.0 10.66364
235.5 10.66203
236.0 10.66042
236.5 10.65881
237.0 10.65721
237.5 10.65560
238.0 10.65399
238.5 10.65238
239.0 10.65077
239.5 10.64916
240.0 10.64754
240.5 10.64593
241.0 10.64432
241.5 10.64271
242.0 10.64110
242.5 10.63949
243.0 10.63788
243.5 10.63627
244.0 10.63465
244.5 10.63304
245.0 10.63143
245.5 10.62982
246.0 10.62820
246.5 10.62659
247.0 10.62498
247.5 10.62336
248.0 10.62175
248.5 10.62014
249.0 10.61852
249.5 10.61691
250.0 10.61529
250.5 10.61368
251.0 10.61206
251.5 10.61045
252.0 10.60883
252.5 10.60722
253.0 10.60560
253.5 10.60399
254.0 10.60237
254.5 10.60076
255.0 10.59914
255.5 10.59752
256.0 10.59591
256.5 10.59429
257.0 10.59267
257.5 10.59105
258.0 10.58944
258.5 10.58782
259.0 10.58620
259.5 10.58458
260.0 10.58297
260.5 10.58135
261.0 10.57973
261.5 10.57811
262.0 10.57649
262.5 10.57487
263.0 10.57325
263.5 10.57163
264.0 10.57001
264.5 10.56839
265.0 10.56677
265.5 10.56515
266.0 10.56353
266.5 10.56191
267.0 10.56029
267.5 10.55867
268.0 10.55705
268.5 10.55543
269.0 10.55380
269.5 10.55218
270.0 10.55056
270.5 10.54894
271.0 10.54732
271.5 10.54569
272.0 10.54407
272.5 10.54245
273.0 10.54082
273.5 10.53920
274.0 10.53758
274.5 10.53595
275.0 10.53433
275.5 10.53270
276.0 10.53108
276.5 10.52946
277.0 10.52783
277.5 10.52621
278.0 10.52458
278.5 10.52295
279.0 10.52133
279.5 10.51970
280.0 10.51808
280.5 10.51645
281.0 10.51482
281.5 10.51320
282.0 10.51157
282.5 10.50994
283.0 10.50832
283.5 10.50669
284.0 10.50506
284.5 10.50343
285.0 10.50181
285.5 10.50018
286.0 10.49855
286.5 10.49692
287.0 10.49529
287.5 10.49366
288.0 10.49203
288.5 10.49040
289.0 10.48878
289.5 10.48715
290.0 10.48552
290.5 10.48389
291.0 10.48226
291.5 10.48062
292.0 10.47899
292.5 10.47736
293.0 10.47573
293.5 10.47410
294.0 10.47247
294.5 10.47084
295.0 10.46921
295.5 10.46757
296.0 10.46594
296.5 10.46431
297.0 10.46268
297.5 10.46104
298.0 10.45941
298.5 10.45778
299.0 10.45614
299.5 10.45451
300.0 10.45288
300.5 10.45124
301.0 10.44961
301.5 10.44797
302.0 10.44634
302.5 10.44470
303.0 10.44307
303.5 10.44143
304.0 10.43980
304.5 10.43816
305.0 10.43653
305.5 10.43489
306.0 10.43325
306.5 10.43162
307.0 10.42998
307.5 10.42834
308.0 10.42671
308.5 10.42507
309.0 10.42343
309.5 10.42179
310.0 10.42016
310.5 10.41852
311.0 10.41688
311.5 10.41524
312.0 10.41360
312.5 10.41196
313.0 10.41032
313.5 10.40868
314.0 10.40704
314.5 10.40541
315.0 10.40377
315.5 10.40213
316.0 10.40048
316.5 10.39884
317.0 10.39720
317.5 10.39556
318.0 10.39392
318.5 10.39228
319.0 10.39064
319.5 10.38900
320.0 10.38736
320.5 10.38571
321.0 10.38407
321.5 10.38243
322.0 10.38079
322.5 10.37914
323.0 10.37750
323.5 10.37586
324.0 10.37421
324.5 10.37257
325.0 10.37092
325.5 10.36928
326.0 10.36764
326.5 10.36599
327.0 10.36435
327.5 10.36270
328.0 10.36106
328.5 10.35941
329.0 10.35777
329.5 10.35612
330.0 10.35447
330.5 10.35283
331.0 10.35118
331.5 10.34953
332.0 10.34789
332.5 10.34624
333.0 10.34459
333.5 10.34295
334.0 10.34130
334.5 10.33965
335.0 10.33800
335.5 10.33635
336.0 10.33471
336.5 10.33306
337.0 10.33141
337.5 10.32976
338.0 10.32811
338.5 10.32646
339.0 10.32481
339.5 10.32316
340.0 10.32151
340.5 10.31986
341.0 10.31821
341.5 10.31656
342.0 10.31491
342.5 10.31326
343.0 10.31161
343.5 10.30996
344.0 10.30830
344.5 10.30665
345.0 10.30500
345.5 10.30335
346.0 10.30169
346.5 10.30004
347.0 10.29839
347.5 10.29674
348.0 10.29508
348.5 10.29343
349.0 10.29177
349.5 10.29012
350.0 10.28847
350.5 10.28681
351.0 10.28516
351.5 10.28350
352.0 10.28185
352.5 10.28019
353.0 10.27854
353.5 10.27688
354.0 10.27523
354.5 10.27357
355.0 10.27191
355.5 10.27026
356.0 10.26860
356.5 10.26694
357.0 10.26529
357.5 10.26363
358.0 10.26197
358.5 10.26031
359.0 10.25866
359.5 10.25700
360.0 10.25534
360.5 10.25368
361.0 10.25202
361.5 10.25036
362.0 10.24870
362.5 10.24704
363.0 10.24538
363.5 10.24372
364.0 10.24206
364.5 10.24040
365.0 10.23874
365.5 10.23708
366.0 10.23542
366.5 10.23376
367.0 10.23210
367.5 10.23044
368.0 10.22878
368.5 10.22711
369.0 10.22545
369.5 10.22379
370.0 10.22213
370.5 10.22047
371.0 10.21880
371.5 10.21714
372.0 10.21548
372.5 10.21381
373.0 10.21215
373.5 10.21048
374.0 10.20882
374.5 10.20716
375.0 10.20549
375.5 10.20383
376.0 10.20216
376.5 10.20050
377.0 10.19883
377.5 10.19716
378.0 10.19550
378.5 10.19383
379.0 10.19217
379.5 10.19050
380.0 10.18883
380.5 10.18717
381.0 10.18550
381.5 10.18383
382.0 10.18216
382.5 10.18050
383.0 10.17883
383.5 10.17716
384.0 10.17549
384.5 10.17382
385.0 10.17215
385.5 10.17048
386.0 10.16881
386.5 10.16715
387.0 10.16548
387.5 10.16381
388.0 10.16214
388.5 10.16046
389.0 10.15879
389.5 10.15712
390.0 10.15545
390.5 10.15378
391.0 10.15211
391.5 10.15044
392.0 10.14877
392.5 10.14709
393.0 10.14542
393.5 10.14375
394.0 10.14208
394.5 10.14040
395.0 10.13873
395.5 10.13706
396.0 10.13538
396.5 10.13371
397.0 10.13204
397.5 10.13036
398.0 10.12869
398.5 10.12701
399.0 10.12534
399.5 10.12366
400.0 10.12199
400.5 10.12031
401.0 10.11864
401.5 10.11696
402.0 10.11528
402.5 10.11361
403.0 10.11193
403.5 10.11025
404.0 10.10858
404.5 10.10690
405.0 10.10522
405.5 10.10354
406.0 10.10187
406.5 10.10019
407.0 10.09851
407.5 10.09683
408.0 10.09515
408.5 10.09347
409.0 10.09179
409.5 10.09011
410.0 10.08843
410.5 10.08676
411.0 10.08507
411.5 10.08339
412.0 10.08171
412.5 10.08003
413.0 10.07835
413.5 10.07667
414.0 10.07499
414.5 10.07331
415.0 10.07163
415.5 10.06994
416.0 10.06826
416.5 10.06658
417.0 10.06490
417.5 10.06321
418.0 10.06153
418.5 10.05985
419.0 10.05816
419.5 10.05648
420.0 10.05480
420.5 10.05311
421.0 10.05143
421.5 10.04974
422.0 10.04806
422.5 10.04637
423.0 10.04469
423.5 10.04300
424.0 10.04132
424.5 10.03963
425.0 10.03794
425.5 10.03626
426.0 10.03457
426.5 10.03288
427.0 10.03120
427.5 10.02951
428.0 10.02782
428.5 10.02613
429.0 10.02445
429.5 10.02276
430.0 10.02107
430.5 10.01938
431.0 10.01769
431.5 10.01600
432.0 10.01431
432.5 10.01262
433.0 10.01093
433.5 10.00924
434.0 10.00755
434.5 10.00586
435.0 10.00417
435.5 10.00248
436.0 10.00079
436.5 9.99910
437.0 9.99741
437.5 9.99572
438.0 9.99402
438.5 9.99233
439.0 9.99064
439.5 9.98895
440.0 9.98725
440.5 9.98556
441.0 9.98387
441.5 9.98217
442.0 9.98048
442.5 9.97879
443.0 9.97709
443.5 9.97540
444.0 9.97370
444.5 9.97201
445.0 9.97031
445.5 9.96862
446.0 9.96692
446.5 9.96523
447.0 9.96353
447.5 9.96183
448.0 9.96014
448.5 9.95844
449.0 9.95674
449.5 9.95505
450.0 9.95335
450.5 9.95165
451.0 9.94995
451.5 9.94826
452.0 9.94656
452.5 9.94486
453.0 9.94316
453.5 9.94146
454.0 9.93976
454.5 9.93806
455.0 9.93636
455.5 9.93466
456.0 9.93296
456.5 9.93126
457.0 9.92956
457.5 9.92786
458.0 9.92616
458.5 9.92446
459.0 9.92276
459.5 9.92106
460.0 9.91936
460.5 9.91765
461.0 9.91595
461.5 9.91425
462.0 9.91255
462.5 9.91084
463.0 9.90914
463.5 9.90744
464.0 9.90573
464.5 9.90403
465.0 9.90232
465.5 9.90062
466.0 9.89892
466.5 9.89721
467.0 9.89551
467.5 9.89380
468.0 9.89210
468.5 9.89039
469.0 9.88868
469.5 9.88698
470.0 9.88527
470.5 9.88356
471.0 9.88186
471.5 9.88015
472.0 9.87844
472.5 9.87674
473.0 9.87503
473.5 9.87332
474.0 9.87161
474.5 9.86990
475.0 9.86819
475.5 9.86649
476.0 9.86478
476.5 9.86307
477.0 9.86136
477.5 9.85965
478.0 9.85794
478.5 9.85623
479.0 9.85452
479.5 9.85281
480.0 9.85109
480.5 9.84938
481.0 9.84767
481.5 9.84596
482.0 9.84425
482.5 9.84254
483.0 9.84082
483.5 9.83911
484.0 9.83740
484.5 9.83569
485.0 9.83397
485.5 9.83226
486.0 9.83054
486.5 9.82883
487.0 9.82712
487.5 9.82540
488.0 9.82369
488.5 9.82197
489.0 9.82026
489.5 9.81854
490.0 9.81683
490.5 9.81511
491.0 9.81339
491.5 9.81168
492.0 9.80996
492.5 9.80824
493.0 9.80653
493.5 9.80481
494.0 9.80309
494.5 9.80137
495.0 9.79966
495.5 9.79794
496.0 9.79622
496.5 9.79450
497.0 9.79278
497.5 9.79106
498.0 9.78934
498.5 9.78762
499.0 9.78590
499.5 9.78418
500.0 9.78246
500.5 9.78074
501.0 9.77902
501.5 9.77730
502.0 9.77558
502.5 9.77386
503.0 9.77214
503.5 9.77042
504.0 9.76869
504.5 9.76697
505.0 9.76525
505.5 9.76353
506.0 9.76180
506.5 9.76008
507.0 9.75836
507.5 9.75663
508.0 9.75491
508.5 9.75318
509.0 9.75146
509.5 9.74973
510.0 9.74801
510.5 9.74628
511.0 9.74456
511.5 9.74283
512.0 9.74111
512.5 9.73938
513.0 9.73765
513.5 9.73593
514.0 9.73420
514.5 9.73247
515.0 9.73075
515.5 9.72902
516.0 9.72729
516.5 9.72556
517.0 9.72383
517.5 9.72210
518.0 9.72038
518.5 9.71865
519.0 9.71692
519.5 9.71519
520.0 9.71346
520.5 9.71173
521.0 9.71000
521.5 9.70827
522.0 9.70654
522.5 9.70481
523.0 9.70307
523.5 9.70134
524.0 9.69961
524.5 9.69788
525.0 9.69615
525.5 9.69441
526.0 9.69268
526.5 9.69095
527.0 9.68922
527.5 9.68748
528.0 9.68575
528.5 9.68402
529.0 9.68228
529.5 9.68055
530.0 9.67881
530.5 9.67708
531.0 9.67534
531.5 9.67361
532.0 9.67187
532.5 9.67014
533.0 9.66840
533.5 9.66666
534.0 9.66493
534.5 9.66319
535.0 9.66145
535.5 9.65972
536.0 9.65798
536.5 9.65624
537.0 9.65450
537.5 9.65276
538.0 9.65103
538.5 9.64929
539.0 9.64755
539.5 9.64581
540.0 9.64407
540.5 9.64233
541.0 9.64059
541.5 9.63885
542.0 9.63711
542.5 9.63537
543.0 9.63363
543.5 9.63189
544.0 9.63015
544.5 9.62840
545.0 9.62666
545.5 9.62492
546.0 9.62318
546.5 9.62144
547.0 9.61969
547.5 9.61795
548.0 9.61621
548.5 9.61446
549.0 9.61272
549.5 9.61097
550.0 9.60923
550.5 9.60749
551.0 9.60574
551.5 9.60400
552.0 9.60225
552.5 9.60050
553.0 9.59876
553.5 9.59701
554.0 9.59527
554.5 9.59352
555.0 9.59177
555.5 9.59003
556.0 9.58828
556.5 9.58653
557.0 9.58478
557.5 9.58304
558.0 9.58129
558.5 9.57954
559.0 9.57779
559.5 9.57604
560.0 9.57429
560.5 9.57254
561.0 9.57079
561.5 9.56904
562.0 9.56729
562.5 9.56554
563.0 9.56379
563.5 9.56204
564.0 9.56029
564.5 9.55854
565.0 9.55679
565.5 9.55503
566.0 9.55328
566.5 9.55153
567.0 9.54978
567.5 9.54802
568.0 9.54627
568.5 9.54452
569.0 9.54276
569.5 9.54101
570.0 9.53926
570.5 9.53750
571.0 9.53575
571.5 9.53399
572.0 9.53224
572.5 9.53048
573.0 9.52872
573.5 9.52697
574.0 9.52521
574.5 9.52346
575.0 9.52170
575.5 9.51994
576.0 9.51819
576.5 9.51643
577.0 9.51467
577.5 9.51291
578.0 9.51115
578.5 9.50940
579.0 9.50764
579.5 9.50588
580.0 9.50412
580.5 9.50236
581.0 9.50060
581.5 9.49884
582.0 9.49708
582.5 9.49532
583.0 9.49356
583.5 9.49180
584.0 9.49004
584.5 9.48827
585.0 9.48651
585.5 9.48475
586.0 9.48299
586.5 9.48123
587.0 9.47946
587.5 9.47770
588.0 9.47594
588.5 9.47417
589.0 9.47241
589.5 9.47064
590.0 9.46888
590.5 9.46712
591.0 9.46535
591.5 9.46359
592.0 9.46182
592.5 9.46006
593.0 9.45829
593.5 9.45652
594.0 9.45476
594.5 9.45299
595.0 9.45122
595.5 9.44946
596.0 9.44769
596.5 9.44592
597.0 9.44415
597.5 9.44239
598.0 9.44062
598.5 9.43885
599.0 9.43708
599.5 9.43531
600.0 9.43354
600.5 9.43177
601.0 9.43000
601.5 9.42823
602.0 9.42646
602.5 9.42469
603.0 9.42292
603.5 9.42115
604.0 9.41938
604.5 9.41760
605.0 9.41583
605.5 9.41406
606.0 9.41229
606.5 9.41052
607.0 9.40874
607.5 9.40697
608.0 9.40520
608.5 9.40342
609.0 9.40165
609.5 9.39987
610.0 9.39810
610.5 9.39632
611.0 9.39455
611.5 9.39277
612.0 9.39100
612.5 9.38922
613.0 9.38745
613.5 9.38567
614.0 9.38389
614.5 9.38212
615.0 9.38034
615.5 9.37856
616.0 9.37678
616.5 9.37501
617.0 9.37323
617.5 9.37145
618.0 9.36967
618.5 9.36789
619.0 9.36611
619.5 9.36433
620.0 9.36255
620.5 9.36077
621.0 9.35899
621.5 9.35721
622.0 9.35543
622.5 9.35365
623.0 9.35187
623.5 9.35009
624.0 9.34830
624.5 9.34652
625.0 9.34474
625.5 9.34296
626.0 9.34117
626.5 9.33939
627.0 9.33761
627.5 9.33582
628.0 9.33404
628.5 9.33226
629.0 9.33047
629.5 9.32869
630.0 9.32690
630.5 9.32512
631.0 9.32333
631.5 9.32155
632.0 9.31976
632.5 9.31797
633.0 9.31619
633.5 9.31440
634.0 9.31261
634.5 9.31082
635.0 9.30904
635.5 9.30725
636.0 9.30546
636.5 9.30367
637.0 9.30188
637.5 9.30009
638.0 9.29831
638.5 9.29652
639.0 9.29473
639.5 9.29294
640.0 9.29115
640.5 9.28935
641.0 9.28756
641.5 9.28577
642.0 9.28398
642.5 9.28219
643.0 9.28040
643.5 9.27861
644.0 9.27681
644.5 9.27502
645.0 9.27323
645.5 9.27143
646.0 9.26964
646.5 9.26785
647.0 9.26605
647.5 9.26426
648.0 9.26246
648.5 9.26067
649.0 9.25887
649.5 9.25708
650.0 9.25528
650.5 9.25349
651.0 9.25169
651.5 9.24989
652.0 9.24810
652.5 9.24630
653.0 9.24450
653.5 9.24270
654.0 9.24091
654.5 9.23911
655.0 9.23731
655.5 9.23551
656.0 9.23371
656.5 9.23191
657.0 9.23011
657.5 9.22831
658.0 9.22651
658.5 9.22471
659.0 9.22291
659.5 9.22111
660.0 9.21931
660.5 9.21751
661.0 9.21571
661.5 9.21391
662.0 9.21210
662.5 9.21030
663.0 9.20850
663.5 9.20670
664.0 9.20489
664.5 9.20309
665.0 9.20128
665.5 9.19948
666.0 9.19768
666.5 9.19587
667.0 9.19407
667.5 9.19226
668.0 9.19046
668.5 9.18865
669.0 9.18684
669.5 9.18504
670.0 9.18323
670.5 9.18142
671.0 9.17962
671.5 9.17781
672.0 9.17600
672.5 9.17419
673.0 9.17239
673.5 9.17058
674.0 9.16877
674.5 9.16696
675.0 9.16515
675.5 9.16334
676.0 9.16153
676.5 9.15972
677.0 9.15791
677.5 9.15610
678.0 9.15429
678.5 9.15248
679.0 9.15067
679.5 9.14885
680.0 9.14704
680.5 9.14523
681.0 9.14342
681.5 9.14160
682.0 9.13979
682.5 9.13798
683.0 9.13616
683.5 9.13435
684.0 9.13253
684.5 9.13072
685.0 9.12891
685.5 9.12709
686.0 9.12527
686.5 9.12346
687.0 9.12164
687.5 9.11983
688.0 9.11801
688.5 9.11619
689.0 9.11438
689.5 9.11256
690.0 9.11074
690.5 9.10892
691.0 9.10710
691.5 9.10529
692.0 9.10347
692.5 9.10165
693.0 9.09983
693.5 9.09801
694.0 9.09619
694.5 9.09437
695.0 9.09255
695.5 9.09073
696.0 9.08891
696.5 9.08709
697.0 9.08526
697.5 9.08344
698.0 9.08162
698.5 9.07980
699.0 9.07797
699.5 9.07615
700.0 9.07433
700.5 9.07250
701.0 9.07068
701.5 9.06886
702.0 9.06703
702.5 9.06521
703.0 9.06338
703.5 9.06156
704.0 9.05973
704.5 9.05791
705.0 9.05608
705.5 9.05425
706.0 9.05243
706.5 9.05060
707.0 9.04877
707.5 9.04694
708.0 9.04512
708.5 9.04329
709.0 9.04146
709.5 9.03963
710.0 9.03780
710.5 9.03597
711.0 9.03414
711.5 9.03231
712.0 9.03048
712.5 9.02865
713.0 9.02682
713.5 9.02499
714.0 9.02316
714.5 9.02133
715.0 9.01950
715.5 9.01766
716.0 9.01583
716.5 9.01400
717.0 9.01217
717.5 9.01033
718.0 9.00850
718.5 9.00667
719.0 9.00483
719.5 9.00300
720.0 9.00116
720.5 8.99933
721.0 8.99749
721.5 8.99566
722.0 8.99382
722.5 8.99198
723.0 8.99015
723.5 8.98831
724.0 8.98647
724.5 8.98464
725.0 8.98280
725.5 8.98096
726.0 8.97912
726.5 8.97728
727.0 8.97545
727.5 8.97361
728.0 8.97177
728.5 8.96993
729.0 8.96809
729.5 8.96625
730.0 8.96441
730.5 8.96257
731.0 8.96072
731.5 8.95888
732.0 8.95704
732.5 8.95520
733.0 8.95336
733.5 8.95151
734.0 8.94967
734.5 8.94783
735.0 8.94599
735.5 8.94414
736.0 8.94230
736.5 8.94045
737.0 8.93861
737.5 8.93676
738.0 8.93492
738.5 8.93307
739.0 8.93123
739.5 8.92938
740.0 8.92753
740.5 8.92569
741.0 8.92384
741.5 8.92199
742.0 8.92015
742.5 8.91830
743.0 8.91645
743.5 8.91460
744.0 8.91275
744.5 8.91090
745.0 8.90905
745.5 8.90720
746.0 8.90535
746.5 8.90350
747.0 8.90165
747.5 8.89980
748.0 8.89795
748.5 8.89610
749.0 8.89425
749.5 8.89240
750.0 8.89054
750.5 8.88869
751.0 8.88684
751.5 8.88499
752.0 8.88313
752.5 8.88128
753.0 8.87942
753.5 8.87757
754.0 8.87572
754.5 8.87386
755.0 8.87201
755.5 8.87015
756.0 8.86829
756.5 8.86644
757.0 8.86458
757.5 8.86272
758.0 8.86087
758.5 8.85901
759.0 8.85715
759.5 8.85529
760.0 8.85344
760.5 8.85158
761.0 8.84972
761.5 8.84786
762.0 8.84600
762.5 8.84414
763.0 8.84228
763.5 8.84042
764.0 8.83856
764.5 8.83670
765.0 8.83484
765.5 8.83297
766.0 8.83111
766.5 8.82925
767.0 8.82739
767.5 8.82553
768.0 8.82366
768.5 8.82180
769.0 8.81993
769.5 8.81807
770.0 8.81621
770.5 8.81434
771.0 8.81248
771.5 8.81061
772.0 8.80875
772.5 8.80688
773.0 8.80501
773.5 8.80315
774.0 8.80128
774.5 8.79941
775.0 8.79755
775.5 8.79568
776.0 8.79381
776.5 8.79194
777.0 8.79007
777.5 8.78820
778.0 8.78634
778.5 8.78447
779.0 8.78260
779.5 8.78073
780.0 8.77886
780.5 8.77698
781.0 8.77511
781.5 8.77324
782.0 8.77137
782.5 8.76950
783.0 8.76763
783.5 8.76575
784.0 8.76388
784.5 8.76201
785.0 8.76013
785.5 8.75826
786.0 8.75639
786.5 8.75451
787.0 8.75264
787.5 8.75076
788.0 8.74889
788.5 8.74701
789.0 8.74513
789.5 8.74326
790.0 8.74138
790.5 8.73951
791.0 8.73763
791.5 8.73575
792.0 8.73387
792.5 8.73199
793.0 8.73012
793.5 8.72824
794.0 8.72636
794.5 8.72448
795.0 8.72260
795.5 8.72072
796.0 8.71884
796.5 8.71696
797.0 8.71508
797.5 8.71320
798.0 8.71131
798.5 8.70943
799.0 8.70755
799.5 8.70567
800.0 8.70378
800.5 8.70190
801.0 8.70002
801.5 8.69813
802.0 8.69625
802.5 8.69437
803.0 8.69248
803.5 8.69060
804.0 8.68871
804.5 8.68682
805.0 8.68494
805.5 8.68305
806.0 8.68117
806.5 8.67928
807.0 8.67739
807.5 8.67550
808.0 8.67362
808.5 8.67173
809.0 8.66984
809.5 8.66795
810.0 8.66606
810.5 8.66417
811.0 8.66228
811.5 8.66039
812.0 8.65850
812.5 8.65661
813.0 8.65472
813.5 8.65283
814.0 8.65094
814.5 8.64904
815.0 8.64715
815.5 8.64526
816.0 8.64337
816.5 8.64147
817.0 8.63958
817.5 8.63769
818.0 8.63579
818.5 8.63390
819.0 8.63200
819.5 8.63011
820.0 8.62821
820.5 8.62632
821.0 8.62442
821.5 8.62252
822.0 8.62063
822.5 8.61873
823.0 8.61683
823.5 8.61493
824.0 8.61304
824.5 8.61114
825.0 8.60924
825.5 8.60734
826.0 8.60544
826.5 8.60354
827.0 8.60164
827.5 8.59974
828.0 8.59784
828.5 8.59594
829.0 8.59404
829.5 8.59213
830.0 8.59023
830.5 8.58833
831.0 8.58643
831.5 8.58453
832.0 8.58262
832.5 8.58072
833.0 8.57881
833.5 8.57691
834.0 8.57501
834.5 8.57310
835.0 8.57120
835.5 8.56929
836.0 8.56738
836.5 8.56548
837.0 8.56357
837.5 8.56166
838.0 8.55976
838.5 8.55785
839.0 8.55594
839.5 8.55403
840.0 8.55213
840.5 8.55022
841.0 8.54831
841.5 8.54640
842.0 8.54449
842.5 8.54258
843.0 8.54067
843.5 8.53876
844.0 8.53685
844.5 8.53493
845.0 8.53302
845.5 8.53111
846.0 8.52920
846.5 8.52729
847.0 8.52537
847.5 8.52346
848.0 8.52154
848.5 8.51963
849.0 8.51772
849.5 8.51580
850.0 8.51389
850.5 8.51197
851.0 8.51006
851.5 8.50814
852.0 8.50622
852.5 8.50431
853.0 8.50239
853.5 8.50047
854.0 8.49855
854.5 8.49664
855.0 8.49472
855.5 8.49280
856.0 8.49088
856.5 8.48896
857.0 8.48704
857.5 8.48512
858.0 8.48320
858.5 8.48128
859.0 8.47936
859.5 8.47744
860.0 8.47552
860.5 8.47359
861.0 8.47167
861.5 8.46975
862.0 8.46782
862.5 8.46590
863.0 8.46398
863.5 8.46205
864.0 8.46013
864.5 8.45820
865.0 8.45628
865.5 8.45435
866.0 8.45243
866.5 8.45050
867.0 8.44858
867.5 8.44665
868.0 8.44472
868.5 8.44279
869.0 8.44087
869.5 8.43894
870.0 8.43701
870.5 8.43508
871.0 8.43315
871.5 8.43122
872.0 8.42929
872.5 8.42736
873.0 8.42543
873.5 8.42350
874.0 8.42157
874.5 8.41964
875.0 8.41771
875.5 8.41577
876.0 8.41384
876.5 8.41191
877.0 8.40998
877.5 8.40804
878.0 8.40611
878.5 8.40417
879.0 8.40224
879.5 8.40030
880.0 8.39837
880.5 8.39643
881.0 8.39450
881.5 8.39256
882.0 8.39062
882.5 8.38869
883.0 8.38675
883.5 8.38481
884.0 8.38287
884.5 8.38094
885.0 8.37900
885.5 8.37706
886.0 8.37512
886.5 8.37318
887.0 8.37124
887.5 8.36930
888.0 8.36736
888.5 8.36542
889.0 8.36348
889.5 8.36153
890.0 8.35959
890.5 8.35765
891.0 8.35571
891.5 8.35376
892.0 8.35182
892.5 8.34988
893.0 8.34793
893.5 8.34599
894.0 8.34404
894.5 8.34210
895.0 8.34015
895.5 8.33820
896.0 8.33626
896.5 8.33431
897.0 8.33236
897.5 8.33042
898.0 8.32847
898.5 8.32652
899.0 8.32457
899.5 8.32262
900.0 8.32068
900.5 8.31873
901.0 8.31678
901.5 8.31483
902.0 8.31288
902.5 8.31092
903.0 8.30897
903.5 8.30702
904.0 8.30507
904.5 8.30312
905.0 8.30116
905.5 8.29921
906.0 8.29726
906.5 8.29530
907.0 8.29335
907.5 8.29140
908.0 8.28944
908.5 8.28749
909.0 8.28553
909.5 8.28358
910.0 8.28162
910.5 8.27966
911.0 8.27771
911.5 8.27575
912.0 8.27379
912.5 8.27183
913.0 8.26987
913.5 8.26792
914.0 8.26596
914.5 8.26400
915.0 8.26204
915.5 8.26008
916.0 8.25812
916.5 8.25616
917.0 8.25420
917.5 8.25223
918.0 8.25027
918.5 8.24831
919.0 8.24635
919.5 8.24438
920.0 8.24242
920.5 8.24046
921.0 8.23849
921.5 8.23653
922.0 8.23456
922.5 8.23260
923.0 8.23063
923.5 8.22867
924.0 8.22670
924.5 8.22473
925.0 8.22277
925.5 8.22080
926.0 8.21883
926.5 8.21686
927.0 8.21490
927.5 8.21293
928.0 8.21096
928.5 8.20899
929.0 8.20702
929.5 8.20505
930.0 8.20308
930.5 8.20111
931.0 8.19914
931.5 8.19717
932.0 8.19519
932.5 8.19322
933.0 8.19125
933.5 8.18928
934.0 8.18730
934.5 8.18533
935.0 8.18335
935.5 8.18138
936.0 8.17940
936.5 8.17743
937.0 8.17545
937.5 8.17348
938.0 8.17150
938.5 8.16952
939.0 8.16755
939.5 8.16557
940.0 8.16359
940.5 8.16161
941.0 8.15964
941.5 8.15766
942.0 8.15568
942.5 8.15370
943.0 8.15172
943.5 8.14974
944.0 8.14776
944.5 8.14578
945.0 8.14379
945.5 8.14181
946.0 8.13983
946.5 8.13785
947.0 8.13586
947.5 8.13388
948.0 8.13190
948.5 8.12991
949.0 8.12793
949.5 8.12594
950.0 8.12396
950.5 8.12197
951.0 8.11999
951.5 8.11800
952.0 8.11601
952.5 8.11403
953.0 8.11204
953.5 8.11005
954.0 8.10806
954.5 8.10607
955.0 8.10409
955.5 8.10210
956.0 8.10011
956.5 8.09812
957.0 8.09613
957.5 8.09414
958.0 8.09214
958.5 8.09015
959.0 8.08816
959.5 8.08617
960.0 8.08418
960.5 8.08218
961.0 8.08019
961.5 8.07820
962.0 8.07620
962.5 8.07421
963.0 8.07221
963.5 8.07022
964.0 8.06822
964.5 8.06622
965.0 8.06423
965.5 8.06223
966.0 8.06023
966.5 8.05824
967.0 8.05624
967.5 8.05424
968.0 8.05224
968.5 8.05024
969.0 8.04824
969.5 8.04624
970.0 8.04424
970.5 8.04224
971.0 8.04024
971.5 8.03824
972.0 8.03624
972.5 8.03424
973.0 8.03223
973.5 8.03023
974.0 8.02823
974.5 8.02622
975.0 8.02422
975.5 8.02221
976.0 8.02021
976.5 8.01820
977.0 8.01620
977.5 8.01419
978.0 8.01219
978.5 8.01018
979.0 8.00817
979.5 8.00617
980.0 8.00416
980.5 8.00215
981.0 8.00014
981.5 7.99813
982.0 7.99612
982.5 7.99411
983.0 7.99210
983.5 7.99009
984.0 7.98808
984.5 7.98607
985.0 7.98406
985.5 7.98204
986.0 7.98003
986.5 7.97802
987.0 7.97601
987.5 7.97399
988.0 7.97198
988.5 7.96996
989.0 7.96795
989.5 7.96593
990.0 7.96392
990.5 7.96190
991.0 7.95989
991.5 7.95787
992.0 7.95585
992.5 7.95383
993.0 7.95182
993.5 7.94980
994.0 7.94778
994.5 7.94576
995.0 7.94374
995.5 7.94172
996.0 7.93970
996.5 7.93768
997.0 7.93566
997.5 7.93364
998.0 7.93161
998.5 7.92959
999.0 7.92757
999.5 7.92555
1000.0 7.92352
1000.5 7.92150
1001.0 7.91947
1001.5 7.91745
1002.0 7.91542
1002.5 7.91340
1003.0 7.91137
1003.5 7.90935
1004.0 7.90732
1004.5 7.90529
1005.0 7.90326
1005.5 7.90124
1006.0 7.89921
1006.5 7.89718
1007.0 7.89515
1007.5 7.89312
1008.0 7.89109
1008.5 7.88906
1009.0 7.88703
1009.5 7.88500
1010.0 7.88297
1010.5 7.88094
1011.0 7.87890
1011.5 7.87687
1012.0 7.87484
1012.5 7.87280
1013.0 7.87077
1013.5 7.86874
1014.0 7.86670
1014.5 7.86467
1015.0 7.86263
1015.5 7.86060
1016.0 7.85856
1016.5 7.85652
1017.0 7.85449
1017.5 7.85245
1018.0 7.85041
1018.5 7.84837
1019.0 7.84633
1019.5 7.84429
1020.0 7.84225
1020.5 7.84021
1021.0 7.83817
1021.5 7.83613
1022.0 7.83409
1022.5 7.83205
1023.0 7.83001
1023.5 7.82797
1024.0 7.82592
1024.5 7.82388
1025.0 7.82184
1025.5 7.81979
1026.0 7.81775
1026.5 7.81570
1027.0 7.81366
1027.5 7.81161
1028.0 7.80957
1028.5 7.80752
1029.0 7.80547
1029.5 7.80343
1030.0 7.80138
1030.5 7.79933
1031.0 7.79728
1031.5 7.79523
1032.0 7.79318
1032.5 7.79113
1033.0 7.78908
1033.5 7.78703
1034.0 7.78498
1034.5 7.78293
1035.0 7.78088
1035.5 7.77883
1036.0 7.77677
1036.5 7.77472
1037.0 7.77267
1037.5 7.77061
1038.0 7.76856
1038.5 7.76650
1039.0 7.76445
1039.5 7.76239
1040.0 7.76034
1040.5 7.75828
1041.0 7.75622
1041.5 7.75417
1042.0 7.75211
1042.5 7.75005
1043.0 7.74799
1043.5 7.74593
1044.0 7.74387
1044.5 7.74181
1045.0 7.73975
1045.5 7.73769
1046.0 7.73563
1046.5 7.73357
1047.0 7.73151
1047.5 7.72945
1048.0 7.72739
1048.5 7.72532
1049.0 7.72326
1049.5 7.72119
1050.0 7.71913
1050.5 7.71707
1051.0 7.71500
1051.5 7.71293
1052.0 7.71087
1052.5 7.70880
1053.0 7.70674
1053.5 7.70467
1054.0 7.70260
1054.5 7.70053
1055.0 7.69846
1055.5 7.69639
1056.0 7.69433
1056.5 7.69226
1057.0 7.69019
1057.5 7.68811
1058.0 7.68604
1058.5 7.68397
1059.0 7.68190
1059.5 7.67983
1060.0 7.67776
1060.5 7.67568
1061.0 7.67361
1061.5 7.67153
1062.0 7.66946
1062.5 7.66738
1063.0 7.66531
1063.5 7.66323
1064.0 7.66116
1064.5 7.65908
1065.0 7.65700
1065.5 7.65493
1066.0 7.65285
1066.5 7.65077
1067.0 7.64869
1067.5 7.64661
1068.0 7.64453
1068.5 7.64245
1069.0 7.64037
1069.5 7.63829
1070.0 7.63621
1070.5 7.63413
1071.0 7.63204
1071.5 7.62996
1072.0 7.62788
1072.5 7.62580
1073.0 7.62371
1073.5 7.62163
1074.0 7.61954
1074.5 7.61746
1075.0 7.61537
1075.5 7.61328
1076.0 7.61120
1076.5 7.60911
1077.0 7.60702
1077.5 7.60494
1078.0 7.60285
1078.5 7.60076
1079.0 7.59867
1079.5 7.59658
1080.0 7.59449
1080.5 7.59240
1081.0 7.59031
1081.5 7.58822
1082.0 7.58612
1082.5 7.58403
1083.0 7.58194
1083.5 7.57985
1084.0 7.57775
1084.5 7.57566
1085.0 7.57356
1085.5 7.57147
1086.0 7.56937
1086.5 7.56728
1087.0 7.56518
1087.5 7.56308
1088.0 7.56099
1088.5 7.55889
1089.0 7.55679
1089.5 7.55469
1090.0 7.55259
1090.5 7.55050
1091.0 7.54840
1091.5 7.54630
1092.0 7.54419
1092.5 7.54209
1093.0 7.53999
1093.5 7.53789
1094.0 7.53579
1094.5 7.53368
1095.0 7.53158
1095.5 7.52948
1096.0 7.52737
1096.5 7.52527
1097.0 7.52316
1097.5 7.52106
1098.0 7.51895
1098.5 7.51684
1099.0 7.51474
1099.5 7.51263
1100.0 7.51052
1100.5 7.50841
1101.0 7.50630
1101.5 7.50420
1102.0 7.50209
1102.5 7.49998
1103.0 7.49787
1103.5 7.49575
1104.0 7.49364
1104.5 7.49153
1105.0 7.48942
1105.5 7.48731
1106.0 7.48519
1106.5 7.48308
1107.0 7.48096
1107.5 7.47885
1108.0 7.47673
1108.5 7.47462
1109.0 7.47250
1109.5 7.47039
1110.0 7.46827
1110.5 7.46615
1111.0 7.46403
1111.5 7.46192
1112.0 7.45980
1112.5 7.45768
1113.0 7.45556
1113.5 7.45344
1114.0 7.45132
1114.5 7.44920
1115.0 7.44707
1115.5 7.44495
1116.0 7.44283
1116.5 7.44071
1117.0 7.43858
1117.5 7.43646
1118.0 7.43434
1118.5 7.43221
1119.0 7.43009
1119.5 7.42796
1120.0 7.42583
1120.5 7.42371
1121.0 7.42158
1121.5 7.41945
1122.0 7.41732
1122.5 7.41520
1123.0 7.41307
1123.5 7.41094
1124.0 7.40881
1124.5 7.40668
1125.0 7.40455
1125.5 7.40241
1126.0 7.40028
1126.5 7.39815
1127.0 7.39602
1127.5 7.39388
1128.0 7.39175
1128.5 7.38962
1129.0 7.38748
1129.5 7.38535
1130.0 7.38321
1130.5 7.38108
1131.0 7.37894
1131.5 7.37680
1132.0 7.37467
1132.5 7.37253
1133.0 7.37039
1133.5 7.36825
1134.0 7.36611
1134.5 7.36397
1135.0 7.36183
1135.5 7.35969
1136.0 7.35755
1136.5 7.35541
1137.0 7.35327
1137.5 7.35112
1138.0 7.34898
1138.5 7.34684
1139.0 7.34469
1139.5 7.34255
1140.0 7.34040
1140.5 7.33826
1141.0 7.33611
1141.5 7.33397
1142.0 7.33182
1142.5 7.32967
1143.0 7.32752
1143.5 7.32537
1144.0 7.32323
1144.5 7.32108
1145.0 7.31893
1145.5 7.31678
1146.0 7.31463
1146.5 7.31247
1147.0 7.31032
1147.5 7.30817
1148.0 7.30602
1148.5 7.30387
1149.0 7.30171
1149.5 7.29956
1150.0 7.29740
1150.5 7.29525
1151.0 7.29309
1151.5 7.29094
1152.0 7.28878
1152.5 7.28662
1153.0 7.28447
1153.5 7.28231
1154.0 7.28015
1154.5 7.27799
1155.0 7.27583
1155.5 7.27367
1156.0 7.27151
1156.5 7.26935
1157.0 7.26719
1157.5 7.26503
1158.0 7.26286
1158.5 7.26070
1159.0 7.25854
1159.5 7.25637
1160.0 7.25421
1160.5 7.25205
1161.0 7.24988
1161.5 7.24771
1162.0 7.24555
1162.5 7.24338
1163.0 7.24121
1163.5 7.23905
1164.0 7.23688
1164.5 7.23471
1165.0 7.23254
1165.5 7.23037
1166.0 7.22820
1166.5 7.22603
1167.0 7.22386
1167.5 7.22169
1168.0 7.21951
1168.5 7.21734
1169.0 7.21517
1169.5 7.21299
1170.0 7.21082
1170.5 7.20865
1171.0 7.20647
1171.5 7.20429
1172.0 7.20212
1172.5 7.19994
1173.0 7.19776
1173.5 7.19559
1174.0 7.19341
1174.5 7.19123
1175.0 7.18905
1175.5 7.18687
1176.0 7.18469
1176.5 7.18251
1177.0 7.18033
1177.5 7.17815
1178.0 7.17597
1178.5 7.17378
1179.0 7.17160
1179.5 7.16942
1180.0 7.16723
1180.5 7.16505
1181.0 7.16286
1181.5 7.16068
1182.0 7.15849
1182.5 7.15630
1183.0 7.15412
1183.5 7.15193
1184.0 7.14974
1184.5 7.14755
1185.0 7.14536
1185.5 7.14317
1186.0 7.14098
1186.5 7.13879
1187.0 7.13660
1187.5 7.13441
1188.0 7.13222
1188.5 7.13002
1189.0 7.12783
1189.5 7.12564
1190.0 7.12344
1190.5 7.12125
1191.0 7.11905
1191.5 7.11685
1192.0 7.11466
1192.5 7.11246
1193.0 7.11026
1193.5 7.10807
1194.0 7.10587
1194.5 7.10367
1195.0 7.10147
1195.5 7.09927
1196.0 7.09707
1196.5 7.09487
1197.0 7.09267
1197.5 7.09046
1198.0 7.08826
1198.5 7.08606
1199.0 7.08385
1199.5 7.08165
1200.0 7.07944
1200.5 7.07724
1201.0 7.07503
1201.5 7.07283
1202.0 7.07062
1202.5 7.06841
1203.0 7.06621
1203.5 7.06400
1204.0 7.06179
1204.5 7.05958
1205.0 7.05737
1205.5 7.05516
1206.0 7.05295
1206.5 7.05074
1207.0 7.04852
1207.5 7.04631
1208.0 7.04410
1208.5 7.04188
1209.0 7.03967
1209.5 7.03746
1210.0 7.03524
1210.5 7.03302
1211.0 7.03081
1211.5 7.02859
1212.0 7.02637
1212.5 7.02416
1213.0 7.02194
1213.5 7.01972
1214.0 7.01750
1214.5 7.01528
1215.0 7.01306
1215.5 7.01084
1216.0 7.00862
1216.5 7.00639
1217.0 7.00417
1217.5 7.00195
1218.0 6.99972
1218.5 6.99750
1219.0 6.99528
1219.5 6.99305
1220.0 6.99082
1220.5 6.98860
1221.0 6.98637
1221.5 6.98414
1222.0 6.98192
1222.5 6.97969
1223.0 6.97746
1223.5 6.97523
1224.0 6.97300
1224.5 6.97077
1225.0 6.96854
1225.5 6.96630
1226.0 6.96407
1226.5 6.96184
1227.0 6.95961
1227.5 6.95737
1228.0 6.95514
1228.5 6.95290
1229.0 6.95067
1229.5 6.94843
1230.0 6.94619
1230.5 6.94396
1231.0 6.94172
1231.5 6.93948
1232.0 6.93724
1232.5 6.93500
1233.0 6.93276
1233.5 6.93052
1234.0 6.92828
1234.5 6.92604
1235.0 6.92380
1235.5 6.92155
1236.0 6.91931
1236.5 6.91707
1237.0 6.91482
1237.5 6.91258
1238.0 6.91033
1238.5 6.90809
1239.0 6.90584
1239.5 6.90359
1240.0 6.90134
1240.5 6.89910
1241.0 6.89685
1241.5 6.89460
1242.0 6.89235
1242.5 6.89010
1243.0 6.88785
1243.5 6.88560
1244.0 6.88334
1244.5 6.88109
1245.0 6.87884
1245.5 6.87658
1246.0 6.87433
1246.5 6.87207
1247.0 6.86982
1247.5 6.86756
1248.0 6.86531
1248.5 6.86305
1249.0 6.86079
1249.5 6.85853
1250.0 6.85627
1250.5 6.85401
1251.0 6.85175
1251.5 6.84949
1252.0 6.84723
1252.5 6.84497
1253.0 6.84271
1253.5 6.84045
1254.0 6.83818
1254.5 6.83592
1255.0 6.83365
1255.5 6.83139
1256.0 6.82912
1256.5 6.82686
1257.0 6.82459
1257.5 6.82232
1258.0 6.82006
1258.5 6.81779
1259.0 6.81552
1259.5 6.81325
1260.0 6.81098
1260.5 6.80871
1261.0 6.80644
1261.5 6.80416
1262.0 6.80189
1262.5 6.79962
1263.0 6.79734
1263.5 6.79507
1264.0 6.79280
1264.5 6.79052
1265.0 6.78824
1265.5 6.78597
1266.0 6.78369
1266.5 6.78141
1267.0 6.77914
1267.5 6.77686
1268.0 6.77458
1268.5 6.77230
1269.0 6.77002
1269.5 6.76774
1270.0 6.76545
1270.5 6.76317
1271.0 6.76089
1271.5 6.75860
1272.0 6.75632
1272.5 6.75404
1273.0 6.75175
1273.5 6.74946
1274.0 6.74718
1274.5 6.74489
1275.0 6.74260
1275.5 6.74032
1276.0 6.73803
1276.5 6.73574
1277.0 6.73345
1277.5 6.73116
1278.0 6.72887
1278.5 6.72657
1279.0 6.72428
1279.5 6.72199
1280.0 6.71970
1280.5 6.71740
1281.0 6.71511
1281.5 6.71281
1282.0 6.71052
1282.5 6.70822
1283.0 6.70592
1283.5 6.70363
1284.0 6.70133
1284.5 6.69903
1285.0 6.69673
1285.5 6.69443
1286.0 6.69213
1286.5 6.68983
1287.0 6.68753
1287.5 6.68522
1288.0 6.68292
1288.5 6.68062
1289.0 6.67831
1289.5 6.67601
1290.0 6.67370
1290.5 6.67140
1291.0 6.66909
1291.5 6.66678
1292.0 6.66447
1292.5 6.66217
1293.0 6.65986
1293.5 6.65755
1294.0 6.65524
1294.5 6.65293
1295.0 6.65062
1295.5 6.64830
1296.0 6.64599
1296.5 6.64368
1297.0 6.64136
1297.5 6.63905
1298.0 6.63673
1298.5 6.63442
1299.0 6.63210
1299.5 6.62979
1300.0 6.62747
1300.5 6.62515
1301.0 6.62283
1301.5 6.62051
1302.0 6.61819
1302.5 6.61587
1303.0 6.61355
1303.5 6.61123
1304.0 6.60891
1304.5 6.60658
1305.0 6.60426
1305.5 6.60193
1306.0 6.59961
1306.5 6.59728
1307.0 6.59496
1307.5 6.59263
1308.0 6.59030
1308.5 6.58798
1309.0 6.58565
1309.5 6.58332
1310.0 6.58099
1310.5 6.57866
1311.0 6.57633
1311.5 6.57400
1312.0 6.57166
1312.5 6.56933
1313.0 6.56700
1313.5 6.56466
1314.0 6.56233
1314.5 6.55999
1315.0 6.55766
1315.5 6.55532
1316.0 6.55298
1316.5 6.55064
1317.0 6.54831
1317.5 6.54597
1318.0 6.54363
1318.5 6.54129
1319.0 6.53894
1319.5 6.53660
1320.0 6.53426
1320.5 6.53192
1321.0 6.52957
1321.5 6.52723
1322.0 6.52488
1322.5 6.52254
1323.0 6.52019
1323.5 6.51785
1324.0 6.51550
1324.5 6.51315
1325.0 6.51080
1325.5 6.50845
1326.0 6.50610
1326.5 6.50375
1327.0 6.50140
1327.5 6.49905
1328.0 6.49670
1328.5 6.49434
1329.0 6.49199
1329.5 6.48963
1330.0 6.48728
1330.5 6.48492
1331.0 6.48257
1331.5 6.48021
1332.0 6.47785
1332.5 6.47549
1333.0 6.47314
1333.5 6.47078
1334.0 6.46842
1334.5 6.46605
1335.0 6.46369
1335.5 6.46133
1336.0 6.45897
1336.5 6.45660
1337.0 6.45424
1337.5 6.45188
1338.0 6.44951
1338.5 6.44714
1339.0 6.44478
1339.5 6.44241
1340.0 6.44004
1340.5 6.43767
1341.0 6.43530
1341.5 6.43293
1342.0 6.43056
1342.5 6.42819
1343.0 6.42582
1343.5 6.42345
1344.0 6.42107
1344.5 6.41870
1345.0 6.41632
1345.5 6.41395
1346.0 6.41157
1346.5 6.40920
1347.0 6.40682
1347.5 6.40444
1348.0 6.40206
1348.5 6.39968
1349.0 6.39730
1349.5 6.39492
1350.0 6.39254
1350.5 6.39016
1351.0 6.38778
1351.5 6.38539
1352.0 6.38301
1352.5 6.38062
1353.0 6.37824
1353.5 6.37585
1354.0 6.37347
1354.5 6.37108
1355.0 6.36869
1355.5 6.36630
1356.0 6.36391
1356.5 6.36152
1357.0 6.35913
1357.5 6.35674
1358.0 6.35435
1358.5 6.35195
1359.0 6.34956
1359.5 6.34717
1360.0 6.34477
1360.5 6.34238
1361.0 6.33998
1361.5 6.33758
1362.0 6.33519
1362.5 6.33279
1363.0 6.33039
1363.5 6.32799
1364.0 6.32559
1364.5 6.32319
1365.0 6.32079
1365.5 6.31838
1366.0 6.31598
1366.5 6.31358
1367.0 6.31117
1367.5 6.30877
1368.0 6.30636
1368.5 6.30396
1369.0 6.30155
1369.5 6.29914
1370.0 6.29673
1370.5 6.29432
1371.0 6.29191
1371.5 6.28950
1372.0 6.28709
1372.5 6.28468
1373.0 6.28227
1373.5 6.27985
1374.0 6.27744
1374.5 6.27502
1375.0 6.27261
1375.5 6.27019
1376.0 6.26778
1376.5 6.26536
1377.0 6.26294
1377.5 6.26052
1378.0 6.25810
1378.5 6.25568
1379.0 6.25326
1379.5 6.25084
1380.0 6.24842
1380.5 6.24599
1381.0 6.24357
1381.5 6.24114
1382.0 6.23872
1382.5 6.23629
1383.0 6.23387
1383.5 6.23144
1384.0 6.22901
1384.5 6.22658
1385.0 6.22415
1385.5 6.22172
1386.0 6.21929
1386.5 6.21686
1387.0 6.21443
1387.5 6.21199
1388.0 6.20956
1388.5 6.20712
1389.0 6.20469
1389.5 6.20225
1390.0 6.19982
1390.5 6.19738
1391.0 6.19494
1391.5 6.19250
1392.0 6.19006
1392.5 6.18762
1393.0 6.18518
1393.5 6.18274
1394.0 6.18030
1394.5 6.17785
1395.0 6.17541
1395.5 6.17297
1396.0 6.17052
1396.5 6.16807
1397.0 6.16563
1397.5 6.16318
1398.0 6.16073
1398.5 6.15828
1399.0 6.15583
1399.5 6.15338
1400.0 6.15093
1400.5 6.14848
1401.0 6.14603
1401.5 6.14357
1402.0 6.14112
1402.5 6.13866
1403.0 6.13621
1403.5 6.13375
1404.0 6.13129
1404.5 6.12884
1405.0 6.12638
1405.5 6.12392
1406.0 6.12146
1406.5 6.11900
1407.0 6.11654
1407.5 6.11407
1408.0 6.11161
1408.5 6.10915
1409.0 6.10668
1409.5 6.10422
1410.0 6.10175
1410.5 6.09928
1411.0 6.09682
1411.5 6.09435
1412.0 6.09188
1412.5 6.08941
1413.0 6.08694
1413.5 6.08447
1414.0 6.08200
1414.5 6.07952
1415.0 6.07705
1415.5 6.07458
1416.0 6.07210
1416.5 6.06962
1417.0 6.06715
1417.5 6.06467
1418.0 6.06219
1418.5 6.05971
1419.0 6.05723
1419.5 6.05475
1420.0 6.05227
1420.5 6.04979
1421.0 6.04731
1421.5 6.04482
1422.0 6.04234
1422.5 6.03986
1423.0 6.03737
1423.5 6.03488
1424.0 6.03240
1424.5 6.02991
1425.0 6.02742
1425.5 6.02493
1426.0 6.02244
1426.5 6.01995
1427.0 6.01746
1427.5 6.01496
1428.0 6.01247
1428.5 6.00998
1429.0 6.00748
1429.5 6.00499
1430.0 6.00249
1430.5 5.99999
1431.0 5.99749
1431.5 5.99500
1432.0 5.99250
1432.5 5.99000
1433.0 5.98749
1433.5 5.98499
1434.0 5.98249
1434.5 5.97999
1435.0 5.97748
1435.5 5.97498
1436.0 5.97247
1436.5 5.96996
1437.0 5.96746
1437.5 5.96495
1438.0 5.96244
1438.5 5.95993
1439.0 5.95742
1439.5 5.95491
1440.0 5.95240
1440.5 5.94988
1441.0 5.94737
1441.5 5.94485
1442.0 5.94234
1442.5 5.93982
1443.0 5.93731
1443.5 5.93479
1444.0 5.93227
1444.5 5.92975
1445.0 5.92723
1445.5 5.92471
1446.0 5.92219
1446.5 5.91967
1447.0 5.91714
1447.5 5.91462
1448.0 5.91209
1448.5 5.90957
1449.0 5.90704
1449.5 5.90451
1450.0 5.90198
1450.5 5.89946
1451.0 5.89693
1451.5 5.89440
1452.0 5.89186
1452.5 5.88933
1453.0 5.88680
1453.5 5.88426
1454.0 5.88173
1454.5 5.87919
1455.0 5.87666
1455.5 5.87412
1456.0 5.87158
1456.5 5.86904
1457.0 5.86650
1457.5 5.86396
1458.0 5.86142
1458.5 5.85888
1459.0 5.85634
1459.5 5.85379
1460.0 5.85125
1460.5 5.84870
1461.0 5.84616
1461.5 5.84361
1462.0 5.84106
1462.5 5.83852
1463.0 5.83597
1463.5 5.83342
1464.0 5.83086
1464.5 5.82831
1465.0 5.82576
1465.5 5.82321
1466.0 5.82065
1466.5 5.81810
1467.0 5.81554
1467.5 5.81298
1468.0 5.81042
1468.5 5.80787
1469.0 5.80531
1469.5 5.80275
1470.0 5.80018
1470.5 5.79762
1471.0 5.79506
1471.5 5.79250
1472.0 5.78993
1472.5 5.78737
1473.0 5.78480
1473.5 5.78223
1474.0 5.77966
1474.5 5.77710
1475.0 5.77453
1475.5 5.77196
1476.0 5.76938
1476.5 5.76681
1477.0 5.76424
1477.5 5.76166
1478.0 5.75909
1478.5 5.75651
1479.0 5.75394
1479.5 5.75136
1480.0 5.74878
1480.5 5.74620
1481.0 5.74362
1481.5 5.74104
1482.0 5.73846
1482.5 5.73588
1483.0 5.73329
1483.5 5.73071
1484.0 5.72812
1484.5 5.72554
1485.0 5.72295
1485.5 5.72036
1486.0 5.71777
1486.5 5.71519
1487.0 5.71259
1487.5 5.71000
1488.0 5.70741
1488.5 5.70482
1489.0 5.70222
1489.5 5.69963
1490.0 5.69703
1490.5 5.69444
1491.0 5.69184
1491.5 5.68924
1492.0 5.68664
1492.5 5.68404
1493.0 5.68144
1493.5 5.67884
1494.0 5.67624
1494.5 5.67363
1495.0 5.67103
1495.5 5.66842
1496.0 5.66582
1496.5 5.66321
1497.0 5.66060
1497.5 5.65799
1498.0 5.65538
1498.5 5.65277
1499.0 5.65016
1499.5 5.64755
1500.0 5.64493
1500.5 5.64232
1501.0 5.63970
1501.5 5.63709
1502.0 5.63447
1502.5 5.63185
1503.0 5.62923
1503.5 5.62661
1504.0 5.62399
1504.5 5.62137
1505.0 5.61875
1505.5 5.61612
1506.0 5.61350
1506.5 5.61088
1507.0 5.60825
1507.5 5.60562
1508.0 5.60299
1508.5 5.60036
1509.0 5.59773
1509.5 5.59510
1510.0 5.59247
1510.5 5.58984
1511.0 5.58721
1511.5 5.58457
1512.0 5.58194
1512.5 5.57930
1513.0 5.57666
1513.5 5.57402
1514.0 5.57139
1514.5 5.56875
1515.0 5.56610
1515.5 5.56346
1516.0 5.56082
1516.5 5.55818
1517.0 5.55553
1517.5 5.55289
1518.0 5.55024
1518.5 5.54759
1519.0 5.54494
1519.5 5.54229
1520.0 5.53964
1520.5 5.53699
1521.0 5.53434
1521.5 5.53169
1522.0 5.52903
1522.5 5.52638
1523.0 5.52372
1523.5 5.52106
1524.0 5.51841
1524.5 5.51575
1525.0 5.51309
1525.5 5.51043
1526.0 5.50776
1526.5 5.50510
1527.0 5.50244
1527.5 5.49977
1528.0 5.49711
1528.5 5.49444
1529.0 5.49177
1529.5 5.48911
1530.0 5.48644
1530.5 5.48377
1531.0 5.48109
1531.5 5.47842
1532.0 5.47575
1532.5 5.47308
1533.0 5.47040
1533.5 5.46772
1534.0 5.46505
1534.5 5.46237
1535.0 5.45969
1535.5 5.45701
1536.0 5.45433
1536.5 5.45165
1537.0 5.44896
1537.5 5.44628
1538.0 5.44359
1538.5 5.44091
1539.0 5.43822
1539.5 5.43553
1540.0 5.43284
1540.5 5.43015
1541.0 5.42746
1541.5 5.42477
1542.0 5.42208
1542.5 5.41938
1543.0 5.41669
1543.5 5.41399
1544.0 5.41130
1544.5 5.40860
1545.0 5.40590
1545.5 5.40320
1546.0 5.40050
1546.5 5.39780
1547.0 5.39510
1547.5 5.39239
1548.0 5.38969
1548.5 5.38698
1549.0 5.38427
1549.5 5.38157
1550.0 5.37886
1550.5 5.37615
1551.0 5.37344
1551.5 5.37072
1552.0 5.36801
1552.5 5.36530
1553.0 5.36258
1553.5 5.35987
1554.0 5.35715
1554.5 5.35443
1555.0 5.35171
1555.5 5.34899
1556.0 5.34627
1556.5 5.34355
1557.0 5.34083
1557.5 5.33810
1558.0 5.33538
1558.5 5.33265
1559.0 5.32992
1559.5 5.32719
1560.0 5.32447
1560.5 5.32173
1561.0 5.31900
1561.5 5.31627
1562.0 5.31354
1562.5 5.31080
1563.0 5.30807
1563.5 5.30533
1564.0 5.30259
1564.5 5.29985
1565.0 5.29711
1565.5 5.29437
1566.0 5.29163
1566.5 5.28889
1567.0 5.28614
1567.5 5.28340
1568.0 5.28065
1568.5 5.27791
1569.0 5.27516
1569.5 5.27241
1570.0 5.26966
1570.5 5.26691
1571.0 5.26416
1571.5 5.26140
1572.0 5.25865
1572.5 5.25589
1573.0 5.25313
1573.5 5.25038
1574.0 5.24762
1574.5 5.24486
1575.0 5.24210
1575.5 5.23933
1576.0 5.23657
1576.5 5.23381
1577.0 5.23104
1577.5 5.22828
1578.0 5.22551
1578.5 5.22274
1579.0 5.21997
1579.5 5.21720
1580.0 5.21443
1580.5 5.21165
1581.0 5.20888
1581.5 5.20611
1582.0 5.20333
1582.5 5.20055
1583.0 5.19777
1583.5 5.19499
1584.0 5.19221
1584.5 5.18943
1585.0 5.18665
1585.5 5.18387
1586.0 5.18108
1586.5 5.17829
1587.0 5.17551
1587.5 5.17272
1588.0 5.16993
1588.5 5.16714
1589.0 5.16435
1589.5 5.16155
1590.0 5.15876
1590.5 5.15597
1591.0 5.15317
1591.5 5.15037
1592.0 5.14757
1592.5 5.14477
1593.0 5.14197
1593.5 5.13917
1594.0 5.13637
1594.5 5.13357
1595.0 5.13076
1595.5 5.12795
1596.0 5.12515
1596.5 5.12234
1597.0 5.11953
1597.5 5.11672
1598.0 5.11391
1598.5 5.11109
1599.0 5.10828
1599.5 5.10546
1600.0 5.10265
1600.5 5.09983
1601.0 5.09701
1601.5 5.09419
1602.0 5.09137
1602.5 5.08855
1603.0 5.08572
1603.5 5.08290
1604.0 5.08007
1604.5 5.07725
1605.0 5.07442
1605.5 5.07159
1606.0 5.06876
1606.5 5.06593
1607.0 5.06309
1607.5 5.06026
1608.0 5.05743
1608.5 5.05459
1609.0 5.05175
1609.5 5.04891
1610.0 5.04607
1610.5 5.04323
1611.0 5.04039
1611.5 5.03755
1612.0 5.03470
1612.5 5.03186
1613.0 5.02901
1613.5 5.02616
1614.0 5.02331
1614.5 5.02046
1615.0 5.01761
1615.5 5.01476
1616.0 5.01191
1616.5 5.00905
1617.0 5.00619
1617.5 5.00334
1618.0 5.00048
1618.5 4.99762
1619.0 4.99476
1619.5 4.99189
1620.0 4.98903
1620.5 4.98617
1621.0 4.98330
1621.5 4.98043
1622.0 4.97756
1622.5 4.97469
1623.0 4.97182
1623.5 4.96895
1624.0 4.96608
1624.5 4.96320
1625.0 4.96033
1625.5 4.95745
1626.0 4.95457
1626.5 4.95169
1627.0 4.94881
1627.5 4.94593
1628.0 4.94305
1628.5 4.94016
1629.0 4.93728
1629.5 4.93439
1630.0 4.93150
1630.5 4.92861
1631.0 4.92572
1631.5 4.92283
1632.0 4.91994
1632.5 4.91704
1633.0 4.91415
1633.5 4.91125
1634.0 4.90835
1634.5 4.90545
1635.0 4.90255
1635.5 4.89965
1636.0 4.89675
1636.5 4.89384
1637.0 4.89094
1637.5 4.88803
1638.0 4.88512
1638.5 4.88221
1639.0 4.87930
1639.5 4.87639
1640.0 4.87348
1640.5 4.87056
1641.0 4.86765
1641.5 4.86473
1642.0 4.86181
1642.5 4.85889
1643.0 4.85597
1643.5 4.85305
1644.0 4.85012
1644.5 4.84720
1645.0 4.84427
1645.5 4.84135
1646.0 4.83842
1646.5 4.83549
1647.0 4.83256
1647.5 4.82962
1648.0 4.82669
1648.5 4.82375
1649.0 4.82082
1649.5 4.81788
1650.0 4.81494
1650.5 4.81200
1651.0 4.80906
1651.5 4.80611
1652.0 4.80317
1652.5 4.80022
1653.0 4.79728
1653.5 4.79433
1654.0 4.79138
1654.5 4.78843
1655.0 4.78547
1655.5 4.78252
1656.0 4.77957
1656.5 4.77661
1657.0 4.77365
1657.5 4.77069
1658.0 4.76773
1658.5 4.76477
1659.0 4.76181
1659.5 4.75884
1660.0 4.75588
1660.5 4.75291
1661.0 4.74994
1661.5 4.74697
1662.0 4.74400
1662.5 4.74103
1663.0 4.73805
1663.5 4.73508
1664.0 4.73210
1664.5 4.72912
1665.0 4.72614
1665.5 4.72316
1666.0 4.72018
1666.5 4.71719
1667.0 4.71421
1667.5 4.71122
1668.0 4.70823
1668.5 4.70525
1669.0 4.70225
1669.5 4.69926
1670.0 4.69627
1670.5 4.69327
1671.0 4.69028
1671.5 4.68728
1672.0 4.68428
1672.5 4.68128
1673.0 4.67828
1673.5 4.67528
1674.0 4.67227
1674.5 4.66927
1675.0 4.66626
1675.5 4.66325
1676.0 4.66024
1676.5 4.65723
1677.0 4.65421
1677.5 4.65120
1678.0 4.64818
1678.5 4.64517
1679.0 4.64215
1679.5 4.63913
1680.0 4.63610
1680.5 4.63308
1681.0 4.63006
1681.5 4.62703
1682.0 4.62400
1682.5 4.62097
1683.0 4.61794
1683.5 4.61491
1684.0 4.61188
1684.5 4.60884
1685.0 4.60581
1685.5 4.60277
1686.0 4.59973
1686.5 4.59669
1687.0 4.59365
1687.5 4.59060
1688.0 4.58756
1688.5 4.58451
1689.0 4.58146
1689.5 4.57841
1690.0 4.57536
1690.5 4.57231
1691.0 4.56926
1691.5 4.56620
1692.0 4.56315
1692.5 4.56009
1693.0 4.55703
1693.5 4.55397
1694.0 4.55090
1694.5 4.54784
1695.0 4.54477
1695.5 4.54170
1696.0 4.53864
1696.5 4.53556
1697.0 4.53249
1697.5 4.52942
1698.0 4.52634
1698.5 4.52327
1699.0 4.52019
1699.5 4.51711
1700.0 4.51403
1700.5 4.51095
1701.0 4.50786
1701.5 4.50478
1702.0 4.50169
1702.5 4.49860
1703.0 4.49551
1703.5 4.49242
1704.0 4.48932
1704.5 4.48623
1705.0 4.48313
1705.5 4.48003
1706.0 4.47693
1706.5 4.47383
1707.0 4.47073
1707.5 4.46763
1708.0 4.46452
1708.5 4.46141
1709.0 4.45830
1709.5 4.45519
1710.0 4.45208
1710.5 4.44897
1711.0 4.44585
1711.5 4.44273
1712.0 4.43962
1712.5 4.43650
1713.0 4.43337
1713.5 4.43025
1714.0 4.42713
1714.5 4.42400
1715.0 4.42087
1715.5 4.41774
1716.0 4.41461
1716.5 4.41148
1717.0 4.40834
1717.5 4.40520
1718.0 4.40207
1718.5 4.39893
1719.0 4.39579
1719.5 4.39264
1720.0 4.38950
1720.5 4.38635
1721.0 4.38320
1721.5 4.38006
1722.0 4.37690
1722.5 4.37375
1723.0 4.37060
1723.5 4.36744
1724.0 4.36428
1724.5 4.36112
1725.0 4.35796
1725.5 4.35480
1726.0 4.35164
1726.5 4.34847
1727.0 4.34530
1727.5 4.34213
1728.0 4.33896
1728.5 4.33579
1729.0 4.33262
1729.5 4.32944
1730.0 4.32626
1730.5 4.32308
1731.0 4.31990
1731.5 4.31672
1732.0 4.31353
1732.5 4.31035
1733.0 4.30716
1733.5 4.30397
1734.0 4.30078
1734.5 4.29759
1735.0 4.29439
1735.5 4.29119
1736.0 4.28800
1736.5 4.28480
1737.0 4.28159
1737.5 4.27839
1738.0 4.27519
1738.5 4.27198
1739.0 4.26877
1739.5 4.26556
1740.0 4.26235
1740.5 4.25913
1741.0 4.25592
1741.5 4.25270
1742.0 4.24948
1742.5 4.24626
1743.0 4.24304
1743.5 4.23981
1744.0 4.23659
1744.5 4.23336
1745.0 4.23013
1745.5 4.22690
1746.0 4.22366
1746.5 4.22043
1747.0 4.21719
1747.5 4.21395
1748.0 4.21071
1748.5 4.20747
1749.0 4.20422
1749.5 4.20098
1750.0 4.19773
1750.5 4.19448
1751.0 4.19123
1751.5 4.18798
1752.0 4.18472
1752.5 4.18146
1753.0 4.17820
1753.5 4.17494
1754.0 4.17168
1754.5 4.16842
1755.0 4.16515
1755.5 4.16188
1756.0 4.15861
1756.5 4.15534
1757.0 4.15207
1757.5 4.14879
1758.0 4.14551
1758.5 4.14223
1759.0 4.13895
1759.5 4.13567
1760.0 4.13239
1760.5 4.12910
1761.0 4.12581
1761.5 4.12252
1762.0 4.11923
1762.5 4.11593
1763.0 4.11264
1763.5 4.10934
1764.0 4.10604
1764.5 4.10274
1765.0 4.09943
1765.5 4.09613
1766.0 4.09282
1766.5 4.08951
1767.0 4.08620
1767.5 4.08288
1768.0 4.07957
1768.5 4.07625
1769.0 4.07293
1769.5 4.06961
1770.0 4.06629
1770.5 4.06296
1771.0 4.05963
1771.5 4.05631
1772.0 4.05297
1772.5 4.04964
1773.0 4.04631
1773.5 4.04297
1774.0 4.03963
1774.5 4.03629
1775.0 4.03295
1775.5 4.02960
1776.0 4.02625
1776.5 4.02290
1777.0 4.01955
1777.5 4.01620
1778.0 4.01285
1778.5 4.00949
1779.0 4.00613
1779.5 4.00277
1780.0 3.99940
1780.5 3.99604
1781.0 3.99267
1781.5 3.98930
1782.0 3.98593
1782.5 3.98256
1783.0 3.97918
1783.5 3.97580
1784.0 3.97243
1784.5 3.96904
1785.0 3.96566
1785.5 3.96227
1786.0 3.95889
1786.5 3.95550
1787.0 3.95210
1787.5 3.94871
1788.0 3.94531
1788.5 3.94192
1789.0 3.93851
1789.5 3.93511
1790.0 3.93171
1790.5 3.92830
1791.0 3.92489
1791.5 3.92148
1792.0 3.91807
1792.5 3.91465
1793.0 3.91123
1793.5 3.90782
1794.0 3.90439
1794.5 3.90097
1795.0 3.89754
1795.5 3.89412
1796.0 3.89068
1796.5 3.88725
1797.0 3.88382
1797.5 3.88038
1798.0 3.87694
1798.5 3.87350
1799.0 3.87006
1799.5 3.86661
1800.0 3.86316
1800.5 3.85971
1801.0 3.85626
1801.5 3.85281
1802.0 3.84935
1802.5 3.84589
1803.0 3.84243
1803.5 3.83897
1804.0 3.83550
1804.5 3.83203
1805.0 3.82856
1805.5 3.82509
1806.0 3.82161
1806.5 3.81814
1807.0 3.81466
1807.5 3.81118
1808.0 3.80769
1808.5 3.80421
1809.0 3.80072
1809.5 3.79723
1810.0 3.79374
1810.5 3.79024
1811.0 3.78674
1811.5 3.78324
1812.0 3.77974
1812.5 3.77624
1813.0 3.77273
1813.5 3.76922
1814.0 3.76571
1814.5 3.76220
1815.0 3.75868
1815.5 3.75516
1816.0 3.75164
1816.5 3.74812
1817.0 3.74459
1817.5 3.74106
1818.0 3.73753
1818.5 3.73400
1819.0 3.73046
1819.5 3.72693
1820.0 3.72339
1820.5 3.71985
1821.0 3.71630
1821.5 3.71275
1822.0 3.70920
1822.5 3.70565
1823.0 3.70210
1823.5 3.69854
1824.0 3.69498
1824.5 3.69142
1825.0 3.68786
1825.5 3.68429
1826.0 3.68072
1826.5 3.67715
1827.0 3.67357
1827.5 3.67000
1828.0 3.66642
1828.5 3.66284
1829.0 3.65925
1829.5 3.65567
1830.0 3.65208
1830.5 3.64849
1831.0 3.64489
1831.5 3.64130
1832.0 3.63770
1832.5 3.63409
1833.0 3.63049
1833.5 3.62688
1834.0 3.62327
1834.5 3.61966
1835.0 3.61605
1835.5 3.61243
1836.0 3.60881
1836.5 3.60519
1837.0 3.60157
1837.5 3.59794
1838.0 3.59431
1838.5 3.59068
1839.0 3.58704
1839.5 3.58340
1840.0 3.57976
1840.5 3.57612
1841.0 3.57247
1841.5 3.56883
1842.0 3.56517
1842.5 3.56152
1843.0 3.55786
1843.5 3.55421
1844.0 3.55054
1844.5 3.54688
1845.0 3.54321
1845.5 3.53954
1846.0 3.53587
1846.5 3.53220
1847.0 3.52852
1847.5 3.52484
1848.0 3.52115
1848.5 3.51747
1849.0 3.51378
1849.5 3.51009
1850.0 3.50639
1850.5 3.50270
1851.0 3.49900
1851.5 3.49530
1852.0 3.49159
1852.5 3.48788
1853.0 3.48417
1853.5 3.48046
1854.0 3.47674
1854.5 3.47302
1855.0 3.46930
1855.5 3.46557
1856.0 3.46185
1856.5 3.45812
1857.0 3.45438
1857.5 3.45065
1858.0 3.44691
1858.5 3.44317
1859.0 3.43942
1859.5 3.43567
1860.0 3.43192
1860.5 3.42817
1861.0 3.42441
1861.5 3.42065
1862.0 3.41689
1862.5 3.41312
1863.0 3.40936
1863.5 3.40559
1864.0 3.40181
1864.5 3.39803
1865.0 3.39425
1865.5 3.39047
1866.0 3.38669
1866.5 3.38290
1867.0 3.37910
1867.5 3.37531
1868.0 3.37151
1868.5 3.36771
1869.0 3.36391
1869.5 3.36010
1870.0 3.35629
1870.5 3.35248
1871.0 3.34866
1871.5 3.34484
1872.0 3.34102
1872.5 3.33719
1873.0 3.33336
1873.5 3.32953
1874.0 3.32570
1874.5 3.32186
1875.0 3.31802
1875.5 3.31418
1876.0 3.31033
1876.5 3.30648
1877.0 3.30262
1877.5 3.29877
1878.0 3.29491
1878.5 3.29104
1879.0 3.28718
1879.5 3.28331
1880.0 3.27944
1880.5 3.27556
1881.0 3.27168
1881.5 3.26780
1882.0 3.26391
1882.5 3.26002
1883.0 3.25613
1883.5 3.25224
1884.0 3.24834
1884.5 3.24444
1885.0 3.24053
1885.5 3.23662
1886.0 3.23271
1886.5 3.22880
1887.0 3.22488
1887.5 3.22096
1888.0 3.21703
1888.5 3.21310
1889.0 3.20917
1889.5 3.20523
1890.0 3.20130
1890.5 3.19735
1891.0 3.19341
1891.5 3.18946
1892.0 3.18551
1892.5 3.18155
1893.0 3.17759
1893.5 3.17363
1894.0 3.16966
1894.5 3.16569
1895.0 3.16172
1895.5 3.15774
1896.0 3.15376
1896.5 3.14978
1897.0 3.14579
1897.5 3.14180
1898.0 3.13781
1898.5 3.13381
1899.0 3.12981
1899.5 3.12580
1900.0 3.12180
1900.5 3.11778
1901.0 3.11377
1901.5 3.10975
1902.0 3.10573
1902.5 3.10170
1903.0 3.09767
1903.5 3.09364
1904.0 3.08960
1904.5 3.08556
1905.0 3.08151
1905.5 3.07746
1906.0 3.07341
1906.5 3.06935
1907.0 3.06529
1907.5 3.06123
1908.0 3.05716
1908.5 3.05309
1909.0 3.04902
1909.5 3.04494
1910.0 3.04086
1910.5 3.03677
1911.0 3.03268
1911.5 3.02859
1912.0 3.02449
1912.5 3.02039
1913.0 3.01628
1913.5 3.01217
1914.0 3.00806
1914.5 3.00394
1915.0 2.99982
1915.5 2.99569
1916.0 2.99157
1916.5 2.98743
1917.0 2.98330
1917.5 2.97915
1918.0 2.97501
1918.5 2.97086
1919.0 2.96671
1919.5 2.96255
1920.0 2.95839
1920.5 2.95422
1921.0 2.95005
1921.5 2.94588
1922.0 2.94170
1922.5 2.93752
1923.0 2.93334
1923.5 2.92915
1924.0 2.92495
1924.5 2.92075
1925.0 2.91655
1925.5 2.91235
1926.0 2.90813
1926.5 2.90392
1927.0 2.89970
1927.5 2.89548
1928.0 2.89125
1928.5 2.88702
1929.0 2.88278
1929.5 2.87854
1930.0 2.87430
1930.5 2.87005
1931.0 2.86579
1931.5 2.86154
1932.0 2.85727
1932.5 2.85301
1933.0 2.84873
1933.5 2.84446
1934.0 2.84018
1934.5 2.83590
1935.0 2.83161
1935.5 2.82731
1936.0 2.82301
1936.5 2.81871
1937.0 2.81441
1937.5 2.81009
1938.0 2.80578
1938.5 2.80146
1939.0 2.79713
1939.5 2.79280
1940.0 2.78847
1940.5 2.78413
1941.0 2.77979
1941.5 2.77544
1942.0 2.77108
1942.5 2.76673
1943.0 2.76236
1943.5 2.75800
1944.0 2.75362
1944.5 2.74925
1945.0 2.74487
1945.5 2.74048
1946.0 2.73609
1946.5 2.73169
1947.0 2.72729
1947.5 2.72289
1948.0 2.71848
1948.5 2.71406
1949.0 2.70964
1949.5 2.70522
1950.0 2.70078
1950.5 2.69635
1951.0 2.69191
1951.5 2.68746
1952.0 2.68301
1952.5 2.67856
1953.0 2.67410
1953.5 2.66963
1954.0 2.66516
1954.5 2.66069
1955.0 2.65620
1955.5 2.65172
1956.0 2.64723
1956.5 2.64273
1957.0 2.63823
1957.5 2.63372
1958.0 2.62921
1958.5 2.62469
1959.0 2.62017
1959.5 2.61564
1960.0 2.61111
1960.5 2.60657
1961.0 2.60202
1961.5 2.59748
1962.0 2.59292
1962.5 2.58836
1963.0 2.58379
1963.5 2.57922
1964.0 2.57464
1964.5 2.57006
1965.0 2.56547
1965.5 2.56088
1966.0 2.55628
1966.5 2.55168
1967.0 2.54707
1967.5 2.54245
1968.0 2.53783
1968.5 2.53320
1969.0 2.52857
1969.5 2.52393
1970.0 2.51928
1970.5 2.51463
1971.0 2.50998
1971.5 2.50531
1972.0 2.50064
1972.5 2.49597
1973.0 2.49129
1973.5 2.48660
1974.0 2.48191
1974.5 2.47721
1975.0 2.47251
1975.5 2.46780
1976.0 2.46308
1976.5 2.45836
1977.0 2.45363
1977.5 2.44890
1978.0 2.44416
1978.5 2.43941
1979.0 2.43466
1979.5 2.42990
1980.0 2.42513
1980.5 2.42036
1981.0 2.41558
1981.5 2.41080
1982.0 2.40601
1982.5 2.40121
1983.0 2.39640
1983.5 2.39159
1984.0 2.38678
1984.5 2.38195
1985.0 2.37712
1985.5 2.37229
1986.0 2.36744
1986.5 2.36259
1987.0 2.35774
1987.5 2.35287
1988.0 2.34800
1988.5 2.34313
1989.0 2.33824
1989.5 2.33335
1990.0 2.32845
1990.5 2.32355
1991.0 2.31864
1991.5 2.31372
1992.0 2.30880
1992.5 2.30386
1993.0 2.29892
1993.5 2.29398
1994.0 2.28902
1994.5 2.28406
1995.0 2.27910
1995.5 2.27412
1996.0 2.26914
1996.5 2.26415
1997.0 2.25915
1997.5 2.25415
1998.0 2.24913
1998.5 2.24412
1999.0 2.23909
1999.5 2.23405
2000.0 2.22901
2000.5 2.22396
2001.0 2.21891
2001.5 2.21384
2002.0 2.20877
2002.5 2.20369
2003.0 2.19860
2003.5 2.19351
2004.0 2.18840
2004.5 2.18329
2005.0 2.17817
2005.5 2.17305
2006.0 2.16791
2006.5 2.16277
2007.0 2.15762
2007.5 2.15246
2008.0 2.14729
2008.5 2.14211
2009.0 2.13693
2009.5 2.13174
2010.0 2.12654
2010.5 2.12133
2011.0 2.11611
2011.5 2.11088
2012.0 2.10565
2012.5 2.10040
2013.0 2.09515
2013.5 2.08989
2014.0 2.08462
2014.5 2.07935
2015.0 2.07406
2015.5 2.06876
2016.0 2.06346
2016.5 2.05814
2017.0 2.05282
2017.5 2.04749
2018.0 2.04215
2018.5 2.03680
2019.0 2.03144
2019.5 2.02607
2020.0 2.02070
2020.5 2.01531
2021.0 2.00991
2021.5 2.00451
2022.0 1.99909
2022.5 1.99367
2023.0 1.98823
2023.5 1.98279
2024.0 1.97734
2024.5 1.97187
2025.0 1.96640
2025.5 1.96092
2026.0 1.95542
2026.5 1.94992
2027.0 1.94441
2027.5 1.93888
2028.0 1.93335
2028.5 1.92780
2029.0 1.92225
2029.5 1.91669
2030.0 1.91111
2030.5 1.90552
2031.0 1.89993
2031.5 1.89432
2032.0 1.88870
2032.5 1.88308
2033.0 1.87744
2033.5 1.87179
2034.0 1.86613
2034.5 1.86045
2035.0 1.85477
2035.5 1.84908
2036.0 1.84337
2036.5 1.83765
2037.0 1.83192
2037.5 1.82618
2038.0 1.82043
2038.5 1.81467
2039.0 1.80889
2039.5 1.80311
2040.0 1.79731
2040.5 1.79150
2041.0 1.78568
2041.5 1.77984
2042.0 1.77399
2042.5 1.76813
2043.0 1.76226
2043.5 1.75638
2044.0 1.75048
2044.5 1.74457
2045.0 1.73865
2045.5 1.73272
2046.0 1.72677
2046.5 1.72081
2047.0 1.71484
2047.5 1.70885
2048.0 1.70285
2048.5 1.69684
2049.0 1.69081
2049.5 1.68477
2050.0 1.67871
2050.5 1.67265
2051.0 1.66656
2051.5 1.66047
2052.0 1.65436
2052.5 1.64824
2053.0 1.64210
2053.5 1.63595
2054.0 1.62978
2054.5 1.62360
2055.0 1.61740
2055.5 1.61119
2056.0 1.60496
2056.5 1.59872
2057.0 1.59247
2057.5 1.58620
2058.0 1.57991
2058.5 1.57361
2059.0 1.56729
2059.5 1.56095
2060.0 1.55460
2060.5 1.54824
2061.0 1.54186
2061.5 1.53546
2062.0 1.52904
2062.5 1.52261
2063.0 1.51616
2063.5 1.50970
2064.0 1.50322
2064.5 1.49672
2065.0 1.49020
2065.5 1.48367
2066.0 1.47712
2066.5 1.47055
2067.0 1.46396
2067.5 1.45735
2068.0 1.45073
2068.5 1.44409
2069.0 1.43743
2069.5 1.43075
2070.0 1.42405
2070.5 1.41733
2071.0 1.41060
2071.5 1.40384
2072.0 1.39706
2072.5 1.39027
2073.0 1.38345
2073.5 1.37662
2074.0 1.36976
2074.5 1.36289
2075.0 1.35599
2075.5 1.34907
2076.0 1.34213
2076.5 1.33517
2077.0 1.32819
2077.5 1.32118
2078.0 1.31416
2078.5 1.30711
2079.0 1.30004
2079.5 1.29294
2080.0 1.28583
2080.5 1.27869
2081.0 1.27152
2081.5 1.26434
2082.0 1.25713
2082.5 1.24989
2083.0 1.24263
2083.5 1.23535
2084.0 1.22804
2084.5 1.22070
2085.0 1.21334
2085.5 1.20595
2086.0 1.19854
2086.5 1.19110
2087.0 1.18364
2087.5 1.17615
2088.0 1.16863
2088.5 1.16108
2089.0 1.15350
2089.5 1.14590
2090.0 1.13827
2090.5 1.13060
2091.0 1.12291
2091.5 1.11519
2092.0 1.10744
2092.5 1.09966
2093.0 1.09185
2093.5 1.08400
2094.0 1.07613
2094.5 1.06822
2095.0 1.06028
2095.5 1.05231
2096.0 1.04430
2096.5 1.03626
2097.0 1.02819
2097.5 1.02008
2098.0 1.01193
2098.5 1.00375
2099.0 0.99554
2099.5 0.98728
2100.0 0.97899
2100.5 0.97066
2101.0 0.96230
2101.5 0.95389
2102.0 0.94545
2102.5 0.93696
2103.0 0.92844
2103.5 0.91987
2104.0 0.91127
2104.5 0.90262
2105.0 0.89392
2105.5 0.88519
2106.0 0.87640
2106.5 0.86758
2107.0 0.85871
2107.5 0.84979
2108.0 0.84082
2108.5 0.83181
2109.0 0.82274
2109.5 0.81363
2110.0 0.80447
2110.5 0.79525
2111.0 0.78599
2111.5 0.77667
2112.0 0.76729
2112.5 0.75787
2113.0 0.74838
2113.5 0.73884
2114.0 0.72924
2114.5 0.71959
2115.0 0.70987
2115.5 0.70009
2116.0 0.69025
2116.5 0.68035
2117.0 0.67038
2117.5 0.66035
2118.0 0.65025
2118.5 0.64009
2119.0 0.62985
2119.5 0.61955
2120.0 0.60917
2120.5 0.59872
2121.0 0.58820
2121.5 0.57761
2122.0 0.56694
2122.5 0.55619
2123.0 0.54536
2123.5 0.53446
2124.0 0.52347
2124.5 0.51241
2125.0 0.50126
2125.5 0.49003
2126.0 0.47872
2126.5 0.46732
2127.0 0.45584
2127.5 0.44428
2128.0 0.43263
2128.5 0.42090
2129.0 0.40910
2129.5 0.39721
2130.0 0.38524
2130.5 0.37321
2131.0 0.36111
2131.5 0.34894
2132.0 0.33672
2132.5 0.32446
2133.0 0.31217
2133.5 0.29985
2134.0 0.28754
2134.5 0.27525
2135.0 0.26301
2135.5 0.25085
2136.0 0.23882
2136.5 0.22695
2137.0 0.21531
2137.5 0.20396
