# distance_mm  energy_MeV   alpha in He:CO2 90/10, 150 torr, E0=7.80 MeV
0.0 7.80000
2.0 7.79087
4.0 7.78173
6.0 7.77258
8.0 7.76342
10.0 7.75426
12.0 7.74508
14.0 7.73590
16.0 7.72671
18.0 7.71752
20.0 7.70832
22.0 7.69910
24.0 7.68988
26.0 7.68066
28.0 7.67142
30.0 7.66218
32.0 7.65293
34.0 7.64367
36.0 7.63440
38.0 7.62512
40.0 7.61584
42.0 7.60655
44.0 7.59725
46.0 7.58794
48.0 7.57862
50.0 7.56930
52.0 7.55996
54.0 7.55062
56.0 7.54127
58.0 7.53191
60.0 7.52255
62.0 7.51317
64.0 7.50379
66.0 7.49440
68.0 7.48500
70.0 7.47559
72.0 7.46617
74.0 7.45675
76.0 7.44732
78.0 7.43787
80.0 7.42842
82.0 7.41896
84.0 7.40949
86.0 7.40002
88.0 7.39053
90.0 7.38104
92.0 7.37153
94.0 7.36202
96.0 7.35250
98.0 7.34297
100.0 7.33343
102.0 7.32389
104.0 7.31433
106.0 7.30477
108.0 7.29519
110.0 7.28561
112.0 7.27602
114.0 7.26642
116.0 7.25681
118.0 7.24719
120.0 7.23756
122.0 7.22792
124.0 7.21828
126.0 7.20862
128.0 7.19895
130.0 7.18928
132.0 7.17960
134.0 7.16990
136.0 7.16020
138.0 7.15049
140.0 7.14077
142.0 7.13104
144.0 7.12130
146.0 7.11155
148.0 7.10179
150.0 7.09202
152.0 7.08225
154.0 7.07246
156.0 7.06266
158.0 7.05285
160.0 7.04304
162.0 7.03321
164.0 7.02338
166.0 7.01353
168.0 7.00368
170.0 6.99381
172.0 6.98393
174.0 6.97405
176.0 6.96415
178.0 6.95425
180.0 6.94433
182.0 6.93441
184.0 6.92447
186.0 6.91453
188.0 6.90457
190.0 6.89461
192.0 6.88463
194.0 6.87465
196.0 6.86465
198.0 6.85464
200.0 6.84463
202.0 6.83460
204.0 6.82456
206.0 6.81451
208.0 6.80446
210.0 6.79439
212.0 6.78431
214.0 6.77422
216.0 6.76412
218.0 6.75400
220.0 6.74388
222.0 6.73375
224.0 6.72360
226.0 6.71345
228.0 6.70328
230.0 6.69311
232.0 6.68292
234.0 6.67272
236.0 6.66251
238.0 6.65229
240.0 6.64206
242.0 6.63182
244.0 6.62157
246.0 6.61130
248.0 6.60103
250.0 6.59074
252.0 6.58044
254.0 6.57013
256.0 6.55981
258.0 6.54948
260.0 6.53913
262.0 6.52878
264.0 6.51841
266.0 6.50803
268.0 6.49764
270.0 6.48724
272.0 6.47683
274.0 6.46640
276.0 6.45596
278.0 6.44551
280.0 6.43505
282.0 6.42458
284.0 6.41410
286.0 6.40360
288.0 6.39309
290.0 6.38257
292.0 6.37204
294.0 6.36149
296.0 6.35093
298.0 6.34036
300.0 6.32978
302.0 6.31919
304.0 6.30858
306.0 6.29796
308.0 6.28733
310.0 6.27668
312.0 6.26602
314.0 6.25535
316.0 6.24467
318.0 6.23398
320.0 6.22327
322.0 6.21255
324.0 6.20181
326.0 6.19107
328.0 6.18031
330.0 6.16953
332.0 6.15875
334.0 6.14795
336.0 6.13713
338.0 6.12631
340.0 6.11547
342.0 6.10462
344.0 6.09375
346.0 6.08287
348.0 6.07198
350.0 6.06107
352.0 6.05015
354.0 6.03922
356.0 6.02827
358.0 6.01731
360.0 6.00633
362.0 5.99534
364.0 5.98434
366.0 5.97332
368.0 5.96229
370.0 5.95124
372.0 5.94018
374.0 5.92911
376.0 5.91802
378.0 5.90691
380.0 5.89580
382.0 5.88466
384.0 5.87352
386.0 5.86236
388.0 5.85118
390.0 5.83999
392.0 5.82878
394.0 5.81756
396.0 5.80633
398.0 5.79508
400.0 5.78381
402.0 5.77253
404.0 5.76123
406.0 5.74992
408.0 5.73859
410.0 5.72725
412.0 5.71589
414.0 5.70452
416.0 5.69313
418.0 5.68173
420.0 5.67030
422.0 5.65887
424.0 5.64742
426.0 5.63595
428.0 5.62446
430.0 5.61296
432.0 5.60144
434.0 5.58991
436.0 5.57836
438.0 5.56679
440.0 5.55521
442.0 5.54361
444.0 5.53200
446.0 5.52036
448.0 5.50871
450.0 5.49705
452.0 5.48536
454.0 5.47366
456.0 5.46194
458.0 5.45021
460.0 5.43846
462.0 5.42669
464.0 5.41490
466.0 5.40309
468.0 5.39127
470.0 5.37943
472.0 5.36757
474.0 5.35569
476.0 5.34380
478.0 5.33189
480.0 5.31996
482.0 5.30801
484.0 5.29604
486.0 5.28405
488.0 5.27205
490.0 5.26002
492.0 5.24798
494.0 5.23592
496.0 5.22384
498.0 5.21174
500.0 5.19962
502.0 5.18749
504.0 5.17533
506.0 5.16315
508.0 5.15096
510.0 5.13874
512.0 5.12650
514.0 5.11425
516.0 5.10197
518.0 5.08968
520.0 5.07736
522.0 5.06502
524.0 5.05267
526.0 5.04029
528.0 5.02789
530.0 5.01547
532.0 5.00303
534.0 4.99057
536.0 4.97809
538.0 4.96559
540.0 4.95306
542.0 4.94052
544.0 4.92795
546.0 4.91536
548.0 4.90275
550.0 4.89011
552.0 4.87746
554.0 4.86478
556.0 4.85208
558.0 4.83936
560.0 4.82661
562.0 4.81384
564.0 4.80105
566.0 4.78824
568.0 4.77540
570.0 4.76254
572.0 4.74966
574.0 4.73675
576.0 4.72382
578.0 4.71086
580.0 4.69788
582.0 4.68488
584.0 4.67185
586.0 4.65880
588.0 4.64572
590.0 4.63262
592.0 4.61949
594.0 4.60634
596.0 4.59316
598.0 4.57996
600.0 4.56673
602.0 4.55347
604.0 4.54019
606.0 4.52689
608.0 4.51355
610.0 4.50019
612.0 4.48681
614.0 4.47339
616.0 4.45995
618.0 4.44649
620.0 4.43299
622.0 4.41947
624.0 4.40592
626.0 4.39234
628.0 4.37873
630.0 4.36510
632.0 4.35144
634.0 4.33775
636.0 4.32402
638.0 4.31027
640.0 4.29650
642.0 4.28269
644.0 4.26885
646.0 4.25498
648.0 4.24108
650.0 4.22715
652.0 4.21319
654.0 4.19920
656.0 4.18518
658.0 4.17112
660.0 4.15704
662.0 4.14292
664.0 4.12877
666.0 4.11459
668.0 4.10038
670.0 4.08613
672.0 4.07185
674.0 4.05754
676.0 4.04319
678.0 4.02881
680.0 4.01440
682.0 3.99995
684.0 3.98546
686.0 3.97095
688.0 3.95639
690.0 3.94180
692.0 3.92718
694.0 3.91252
696.0 3.89782
698.0 3.88308
700.0 3.86831
702.0 3.85350
704.0 3.83866
706.0 3.82377
708.0 3.80885
710.0 3.79389
712.0 3.77888
714.0 3.76384
716.0 3.74876
718.0 3.73364
720.0 3.71848
722.0 3.70328
724.0 3.68804
726.0 3.67276
728.0 3.65743
730.0 3.64206
732.0 3.62665
734.0 3.61120
736.0 3.59570
738.0 3.58016
740.0 3.56458
742.0 3.54895
744.0 3.53327
746.0 3.51755
748.0 3.50178
750.0 3.48597
752.0 3.47011
754.0 3.45420
756.0 3.43824
758.0 3.42224
760.0 3.40619
762.0 3.39008
764.0 3.37393
766.0 3.35773
768.0 3.34147
770.0 3.32517
772.0 3.30881
774.0 3.29240
776.0 3.27593
778.0 3.25942
780.0 3.24284
782.0 3.22622
784.0 3.20953
786.0 3.19280
788.0 3.17600
790.0 3.15915
792.0 3.14224
794.0 3.12526
796.0 3.10824
798.0 3.09114
800.0 3.07399
802.0 3.05678
804.0 3.03951
806.0 3.02217
808.0 3.00477
810.0 2.98730
812.0 2.96977
814.0 2.95217
816.0 2.93450
818.0 2.91677
820.0 2.89896
822.0 2.88109
824.0 2.86315
826.0 2.84513
828.0 2.82704
830.0 2.80888
832.0 2.79065
834.0 2.77233
836.0 2.75395
838.0 2.73548
840.0 2.71694
842.0 2.69831
844.0 2.67961
846.0 2.66082
848.0 2.64195
850.0 2.62299
852.0 2.60395
854.0 2.58483
856.0 2.56561
858.0 2.54631
860.0 2.52691
862.0 2.50742
864.0 2.48784
866.0 2.46816
868.0 2.44839
870.0 2.42852
872.0 2.40854
874.0 2.38847
876.0 2.36830
878.0 2.34802
880.0 2.32763
882.0 2.30714
884.0 2.28653
886.0 2.26582
888.0 2.24499
890.0 2.22404
892.0 2.20298
894.0 2.18180
896.0 2.16050
898.0 2.13908
900.0 2.11753
902.0 2.09585
904.0 2.07404
906.0 2.05210
908.0 2.03003
910.0 2.00781
912.0 1.98546
914.0 1.96297
916.0 1.94033
918.0 1.91755
920.0 1.89461
922.0 1.87153
924.0 1.84829
926.0 1.82489
928.0 1.80133
930.0 1.77761
932.0 1.75372
934.0 1.72966
936.0 1.70543
938.0 1.68102
940.0 1.65644
942.0 1.63168
944.0 1.60673
946.0 1.58159
948.0 1.55627
950.0 1.53075
952.0 1.50504
954.0 1.47913
956.0 1.45301
958.0 1.42670
960.0 1.40018
962.0 1.37345
964.0 1.34652
966.0 1.31937
968.0 1.29202
970.0 1.26445
972.0 1.23667
974.0 1.20868
976.0 1.18048
978.0 1.15207
980.0 1.12345
982.0 1.09464
984.0 1.06563
986.0 1.03643
988.0 1.00704
990.0 0.97749
992.0 0.94777
994.0 0.91790
996.0 0.88790
998.0 0.85778
1000.0 0.82756
1002.0 0.79728
1004.0 0.76694
1006.0 0.73658
1008.0 0.70624
1010.0 0.67594
1012.0 0.64573
1014.0 0.61564
1016.0 0.58571
1018.0 0.55601
1020.0 0.52656
1022.0 0.49743
1024.0 0.46866
1026.0 0.44031
1028.0 0.41243
1030.0 0.38507
1032.0 0.35827
1034.0 0.33210
1036.0 0.30659
1038.0 0.28179
1040.0 0.25774
1042.0 0.23448
1044.0 0.21204
1046.0 0.19046
1048.0 0.16977
1050.0 0.15001
1052.0 0.13120
1054.0 0.11340
1056.0 0.09663
1058.0 0.08098
1060.0 0.06651
1062.0 0.05325
1064.0 0.04126
1066.0 0.03062
1068.0 0.02139
1070.0 0.01365
1072.0 0.00741
1074.0 0.00386
1076.0 0.00386
1078.0 0.00386
1080.0 0.00386
1082.0 0.00386
1084.0 0.00386
1086.0 0.00386
1088.0 0.00386
1090.0 0.00386
1092.0 0.00386
1094.0 0.00386
1096.0 0.00386
1098.0 0.00386
1100.0 0.00386
